{"vertexJointWeights":[{"2":0.04873216,"3":0.9512678},{"2":0.05171954,"3":0.9482805},{"2":0.004498362,"3":0.9955016},{"2":0.04536086,"3":0.9546391},{"2":0.07128566,"3":0.9287143},{"2":0.08369565,"3":0.9163043},{"2":0.03209388,"3":0.9679061},{"2":0.07598978,"3":0.9240102},{"2":0.03567951,"3":0.9643204},{"2":0.07790893,"3":0.9220911},{"2":0.05141395,"3":0.9485859},{"2":0.06513965,"3":0.9348604},{"2":0.08507835,"3":0.9149217},{"2":0.07000398,"3":0.929996},{"2":0.07443189,"3":0.9255681},{"2":0.08007645,"3":0.9199236},{"2":0.05550521,"3":0.9444948},{"2":0.08141815,"3":0.9185819},{"2":0.06709676,"3":0.9329032},{"2":0.06357038,"3":0.9364297},{"2":0.08554965,"3":0.9144504},{"2":0.0681765,"3":0.9318234},{"2":0.07379198,"3":0.926208},{"2":0.07176023,"3":0.9282398},{"2":0.07493108,"3":0.9250689},{"2":0.07867228,"3":0.9213277},{"2":0.07295107,"3":0.927049},{"2":0.07519423,"3":0.9248058},{"2":0.07765555,"3":0.9223444},{"2":0.01650941,"3":0.9834906},{"2":0.1412421,"3":0.8587579},{"2":0.02857095,"3":0.9714291},{"2":0.04873216,"3":0.9512678},{"2":0.1529492,"3":0.8470509},{"2":0.05171954,"3":0.9482805},{"2":0.04608178,"3":0.9539182},{"2":0.04978507,"3":0.9502149},{"2":0.06959927,"3":0.9304007},{"2":0.004447996,"3":0.995552},{"2":0.004498362,"3":0.9955016},{"2":0.04536086,"3":0.9546391},{"2":0.07128566,"3":0.9287143},{"2":0.08369565,"3":0.9163043},{"7":0.0950697,"8":0.7783648,"9":0.1265655},{"7":0.03082698,"8":0.1867583,"9":0.7824147},{"7":0.03721463,"8":0.2354735,"9":0.7273118},{"7":0.03709739,"8":0.2388674,"9":0.7240352},{"7":0.04697394,"8":0.2023774,"9":0.7506486},{"7":0.03197598,"8":0.2246116,"9":0.7434123},{"7":0.02177321,"8":0.177985,"9":0.8002418},{"7":0.02833569,"8":0.1914202,"9":0.7802441},{"7":0.04474717,"8":0.2306203,"9":0.7246326},{"7":0.03398483,"8":0.2321683,"9":0.7338469},{"7":0.03156691,"8":0.2210169,"9":0.7474161},{"7":0.1078609,"8":0.8921391},{"0":0.04421055,"8":0.9557894},{"0":0.07666224,"7":0.9233378},{"0":0.09394246,"7":0.6918005,"8":0.214257},{"0":0.08629196,"7":0.5516867,"8":0.3620213},{"0":0.1666346,"2":0.003456175,"7":0.8299091},{"0":0.09546452,"7":0.8344092,"8":0.07012623},{"0":0.02468496,"8":0.975315},{"0":0.03462284,"8":0.9653772},{"7":0.1607739,"8":0.839226},{"7":0.1222404,"8":0.8777596},{"7":0.1756976,"8":0.8243024},{"2":0.03209388,"3":0.9679061},{"2":0.07598978,"3":0.9240102},{"2":0.03567951,"3":0.9643204},{"2":0.03128522,"3":0.9687147},{"2":0.07790893,"3":0.9220911},{"2":0.05141395,"3":0.9485859},{"2":0.06513965,"3":0.9348604},{"2":0.08507835,"3":0.9149217},{"2":0.120949,"3":0.879051},{"2":0.07000398,"3":0.929996},{"2":0.06771552,"3":0.9322845},{"2":0.07443189,"3":0.9255681},{"2":0.08007645,"3":0.9199236},{"2":0.08469218,"3":0.9153078},{"2":0.06542128,"3":0.9345787},{"2":0.05550521,"3":0.9444948},{"2":0.08824509,"3":0.9117549},{"2":0.08141815,"3":0.9185819},{"2":0.06709676,"3":0.9329032},{"2":0.06357038,"3":0.9364297},{"2":0.114108,"3":0.885892},{"2":0.08554965,"3":0.9144504},{"2":0.06021934,"3":0.9397806},{"2":0.09859162,"3":0.9014084},{"2":0.0681765,"3":0.9318234},{"2":0.07379198,"3":0.926208},{"2":0.07176023,"3":0.9282398},{"2":0.07002234,"3":0.9299777},{"2":0.07493108,"3":0.9250689},{"2":0.07867228,"3":0.9213277},{"2":0.0814386,"3":0.9185613},{"2":0.07295107,"3":0.927049},{"2":0.07165652,"3":0.9283435},{"2":0.07519423,"3":0.9248058},{"2":0.07765555,"3":0.9223444},{"2":0.07932221,"3":0.9206778},{"2":0.01650941,"3":0.9834906},{"7":0.1165118,"8":0.8834882},{"7":0.03992313,"8":0.2064988,"9":0.753578},{"7":0.03507035,"8":0.1906133,"9":0.7743163},{"7":0.02945345,"8":0.1992184,"9":0.771328},{"7":0.03858196,"8":0.2220871,"9":0.7393309},{"7":0.04399067,"8":0.2082585,"9":0.7477508},{"7":0.03824764,"8":0.2358908,"9":0.7258616},{"7":0.04698926,"8":0.2305204,"9":0.7224903},{"7":0.03638792,"8":0.2395981,"9":0.724014},{"7":0.02972817,"8":0.2116566,"9":0.7586151},{"7":0.03060573,"8":0.2149598,"9":0.7544344},{"7":0.0317319,"8":0.2205331,"9":0.7477349},{"7":0.03304696,"8":0.2367381,"9":0.7302149},{"7":0.03279447,"8":0.2318478,"9":0.7353577},{"7":0.05280792,"8":0.1349877,"9":0.8122043},{"7":0.1148323,"8":0.8851677},{"0":0.09222674,"7":0.8767808,"8":0.03099238},{"0":0.1209626,"4":0.000201227,"7":0.8788362},{"7":0.1138277,"8":0.8861723},{"0":0.07920539,"7":0.7032552,"8":0.2175394},{"0":0.08539623,"8":0.9146038},{"0":0.1171376,"2":0.03213107,"7":0.8507313},{"0":0.1013528,"8":0.8986472},{"7":0.1220407,"8":0.8779593},{"0":0.001297056,"7":0.1244761,"8":0.8579565,"12":0.01627027},{"7":0.1240724,"8":0.8759275},{"0":0.04831963,"7":0.5932886,"8":0.3583918},{"0":0.1463577,"7":0.8536422},{"0":0.09519439,"7":0.9044131,"8":0.000392462},{"0":0.06539857,"8":0.9346014},{"0":0.07186335,"8":0.9281367},{"7":0.1094095,"8":0.8905906},{"7":0.1149369,"8":0.8850631},{"0":0.004833459,"7":0.4925566,"8":0.3871012,"9":0.07143229,"12":0.04407638},{"0":0.000875332,"8":0.8788809,"9":0.07330918,"12":0.0469346},{"7":0.0435633,"8":0.2689036,"9":0.6875331},{"7":0.03857904,"8":0.2379789,"9":0.723442},{"7":0.037382,"8":0.2411791,"9":0.7214388},{"7":0.03899747,"8":0.2429249,"9":0.7180776},{"7":0.04652816,"8":0.2393324,"9":0.7141394},{"7":0.03093266,"8":0.207125,"9":0.7619423},{"7":0.02623575,"8":0.1874333,"9":0.7863309},{"7":0.02694344,"8":0.2131768,"9":0.7598798},{"7":0.02332854,"8":0.1814593,"9":0.7952121},{"7":0.03544276,"8":0.2111873,"9":0.7533699},{"7":0.03143316,"8":0.2329027,"9":0.735664},{"7":0.0305556,"8":0.2288572,"9":0.7405871},{"7":0.02915436,"8":0.210238,"9":0.7606076},{"7":0.0334987,"8":0.2500835,"9":0.7164178},{"7":0.0329917,"8":0.2299323,"9":0.7370759},{"7":0.03205507,"8":0.2414742,"9":0.7264707},{"7":0.0292837,"8":0.2113561,"9":0.7593601},{"7":0.0308147,"8":0.2229747,"9":0.7462106},{"7":0.02829885,"8":0.2121281,"9":0.759573},{"7":0.03152072,"8":0.2364342,"9":0.7320451},{"7":0.02971595,"8":0.222624,"9":0.7476601},{"7":0.0301544,"8":0.213554,"9":0.7562916},{"7":0.02797198,"8":0.2082098,"9":0.7638182},{"0":0.1353411,"7":0.864659},{"0":0.03483337,"8":0.9651666},{"0":0.01964676,"7":0.1065629,"8":0.8737903},{"7":0.119476,"8":0.8805239},{"7":0.08425158,"8":0.1991696,"9":0.7165787},{"0":0.08126652,"7":0.9187335},{"0":0.0526902,"7":0.3972244,"8":0.5500853},{"0":0.07671958,"7":0.3914638,"8":0.5318167},{"0":0.111047,"7":0.8889531},{"0":0.0714811,"8":0.9285189},{"7":0.1872669,"8":0.8127331},{"7":0.1771538,"8":0.8228462},{"7":0.2284988,"8":0.7715011},{"7":0.04161953,"8":0.1285824,"9":0.8297981},{"7":0.1199364,"8":0.8800635},{"7":0.09091556,"8":0.2033715,"9":0.7057129},{"0":0.08461433,"7":0.8648933,"8":0.05049222},{"0":0.07104063,"7":0.3511394,"8":0.57782},{"7":0.1294323,"8":0.8705677},{"7":0.02827078,"8":0.1309153,"9":0.8408139},{"7":0.2127087,"8":0.7872912},{"7":0.069269,"8":0.2143411,"9":0.7163899},{"7":0.04439073,"8":0.2908947,"9":0.6647146},{"0":0.007909476,"7":0.6930851,"8":0.2133316,"9":0.04763197,"12":0.03804159},{"0":0.02213227,"7":0.5892439,"8":0.2788538,"9":0.06070423,"12":0.04906558},{"0":0.1413666,"1":0.2497259,"2":0.01492905,"4":0.06149274,"7":0.5324856},{"7":0.03930926,"8":0.2185062,"9":0.7421845},{"7":0.03277224,"8":0.2237813,"9":0.7434464},{"7":0.04316824,"8":0.2244895,"9":0.7323422},{"7":0.03583592,"8":0.2498901,"9":0.7142738},{"7":0.02944308,"8":0.2201739,"9":0.750383},{"7":0.02626651,"8":0.211107,"9":0.7626265},{"7":0.032691,"8":0.2466039,"9":0.720705},{"7":0.02808475,"8":0.2074678,"9":0.7644474},{"7":0.03023076,"8":0.2130565,"9":0.7567127},{"7":0.03161907,"8":0.2379299,"9":0.7304511},{"7":0.0316109,"8":0.2314345,"9":0.7369545},{"7":0.1151654,"8":0.8848346},{"0":0.02263581,"7":0.1373991,"8":0.8399651},{"0":0.1488055,"7":0.8511945},{"0":0.07465416,"8":0.9253458},{"7":0.05451357,"8":0.1351671,"9":0.8103193},{"7":0.1217979,"8":0.8782021},{"7":0.1444665,"8":0.8555335},{"7":0.1394194,"8":0.8605806},{"0":0.0786736,"7":0.9213263},{"0":0.05473554,"7":0.5076367,"8":0.4376277},{"0":0.0594536,"7":0.6732456,"8":0.2673009},{"0":0.05080461,"1":0.3230328,"2":0.03234267,"4":0.02020734,"7":0.5736125},{"0":0.0927968,"2":0.009221851,"4":0.004906833,"7":0.8930745},{"0":0.08220529,"2":0.01421511,"7":0.9035795},{"0":0.03596907,"7":0.1303659,"8":0.833665},{"0":0.02086776,"7":0.1525789,"8":0.8265533},{"0":0.04784542,"8":0.9521546},{"0":0.02116346,"8":0.9788365},{"7":0.1227242,"8":0.8772759},{"7":0.1084317,"8":0.8915683},{"7":0.1915303,"8":0.8084697},{"7":0.110566,"8":0.8490232,"9":0.004770874,"12":0.03563982},{"7":0.1643908,"8":0.8356092},{"0":0.04844373,"1":0.3039466,"2":0.03951197,"7":0.6080975},{"0":0.186841,"2":0.04836732,"7":0.7647916},{"0":0.1312092,"2":0.001185119,"4":0.00365585,"7":0.8639497},{"0":0.1291372,"1":0.7508381,"2":0.02475064,"4":0.09527409},{"0":0.05951601,"1":0.4632548,"2":0.04490029,"3":0.01403868,"4":0.0424388,"7":0.3758513},{"4":0.03082698,"5":0.1867583,"6":0.7824147},{"4":0.03721463,"5":0.2354735,"6":0.7273118},{"4":0.04652816,"5":0.2393324,"6":0.7141394},{"4":0.04697394,"5":0.2023774,"6":0.7506486},{"4":0.02623575,"5":0.1874333,"6":0.7863309},{"4":0.02177321,"5":0.177985,"6":0.8002418},{"4":0.02833569,"5":0.1914202,"6":0.7802441},{"4":0.02332854,"5":0.1814593,"6":0.7952121},{"4":0.04474717,"5":0.2306203,"6":0.7246326},{"4":0.0329917,"5":0.2299323,"6":0.7370759},{"4":0.03398483,"5":0.2321683,"6":0.7338469},{"4":0.0292837,"5":0.2113561,"6":0.7593601},{"4":0.0308147,"5":0.2229747,"6":0.7462106},{"4":0.03156691,"5":0.2210169,"6":0.7474161},{"4":0.0301544,"5":0.213554,"6":0.7562916},{"0":0.04421055,"5":0.9557894},{"0":0.07666224,"4":0.9233378},{"0":0.09394246,"4":0.6918005,"5":0.214257},{"0":0.08629196,"4":0.5516867,"5":0.3620213},{"0":0.1666346,"2":0.003456175,"4":0.8299091},{"0":0.09546452,"4":0.8344092,"5":0.07012623},{"0":0.03462284,"5":0.9653772},{"4":0.1771538,"5":0.8228462},{"4":0.1222404,"5":0.8777596},{"4":0.1756976,"5":0.8243024},{"4":0.02827078,"5":0.1309153,"6":0.8408139},{"4":0.069269,"5":0.2143411,"6":0.7163899},{"4":0.03507035,"5":0.1906133,"6":0.7743163},{"4":0.02945345,"5":0.1992184,"6":0.771328},{"4":0.03858196,"5":0.2220871,"6":0.7393309},{"4":0.04399067,"5":0.2082585,"6":0.7477508},{"4":0.03824764,"5":0.2358908,"6":0.7258616},{"4":0.04698926,"5":0.2305204,"6":0.7224903},{"4":0.03583592,"5":0.2498901,"6":0.7142738},{"4":0.03023076,"5":0.2130565,"6":0.7567127},{"4":0.03304696,"5":0.2367381,"6":0.7302149},{"4":0.0316109,"5":0.2314345,"6":0.7369545},{"4":0.03279447,"5":0.2318478,"6":0.7353577},{"4":0.05280792,"5":0.1349877,"6":0.8122043},{"4":0.1148323,"5":0.8851677},{"0":0.1488055,"4":0.8511945},{"4":0.05451357,"5":0.1351671,"6":0.8103193},{"0":0.1202159,"1":0.01668357,"2":0.08845394,"3":0.005055546,"4":0.7695909},{"0":0.0594536,"4":0.6732456,"5":0.2673009},{"0":0.07920539,"4":0.7032552,"5":0.2175394},{"0":0.08539623,"5":0.9146038},{"0":0.1171376,"2":0.03213107,"4":0.8507313},{"0":0.186841,"2":0.04836732,"4":0.7647916},{"0":0.02116346,"5":0.9788365},{"0":0.1013528,"5":0.8986472},{"4":0.1220407,"5":0.8779593},{"0":0.001297056,"4":0.1244761,"5":0.8579565,"10":0.01627027},{"4":0.110566,"5":0.8490232,"6":0.004770874,"10":0.03563982},{"0":0.1202159,"1":0.01668357,"2":0.08845394,"3":0.005055546,"7":0.7695909},{"0":0.04831963,"4":0.5932886,"5":0.3583918},{"0":0.1463577,"4":0.8536422},{"0":0.09519439,"4":0.9044131,"5":0.000392462},{"0":0.06539857,"5":0.9346014},{"0":0.07186335,"5":0.9281367},{"4":0.1094095,"5":0.8905906},{"4":0.0950697,"5":0.7783648,"6":0.1265655},{"4":0.1149369,"5":0.8850631},{"0":0.004833459,"4":0.4925566,"5":0.3871012,"6":0.07143229,"10":0.04407638},{"0":0.000875332,"5":0.8788809,"6":0.07330918,"10":0.0469346},{"0":0.1312092,"2":0.001185119,"4":0.8639497,"7":0.00365585},{"4":0.0435633,"5":0.2689036,"6":0.6875331},{"4":0.03857904,"5":0.2379789,"6":0.723442},{"4":0.037382,"5":0.2411791,"6":0.7214388},{"4":0.03899747,"5":0.2429249,"6":0.7180776},{"4":0.03709739,"5":0.2388674,"6":0.7240352},{"4":0.03197598,"5":0.2246116,"6":0.7434123},{"4":0.03093266,"5":0.207125,"6":0.7619423},{"4":0.02694344,"5":0.2131768,"6":0.7598798},{"4":0.03544276,"5":0.2111873,"6":0.7533699},{"4":0.03143316,"5":0.2329027,"6":0.735664},{"4":0.0305556,"5":0.2288572,"6":0.7405871},{"4":0.02915436,"5":0.210238,"6":0.7606076},{"4":0.0334987,"5":0.2500835,"6":0.7164178},{"4":0.03205507,"5":0.2414742,"6":0.7264707},{"4":0.02829885,"5":0.2121281,"6":0.759573},{"4":0.03152072,"5":0.2364342,"6":0.7320451},{"4":0.02971595,"5":0.222624,"6":0.7476601},{"4":0.02797198,"5":0.2082098,"6":0.7638182},{"0":0.1353411,"4":0.864659},{"0":0.03483337,"5":0.9651666},{"0":0.01964676,"4":0.1065629,"5":0.8737903},{"0":0.06821131,"1":0.5451803,"2":0.0865494,"3":0.01901018,"4":0.2571778,"7":0.023871},{"0":0.1291372,"1":0.7508381,"2":0.02475064,"7":0.09527409},{"4":0.1078609,"5":0.8921391},{"4":0.119476,"5":0.8805239},{"4":0.08425158,"5":0.1991696,"6":0.7165787},{"0":0.08126652,"4":0.9187335},{"0":0.0526902,"4":0.3972244,"5":0.5500853},{"0":0.07671958,"4":0.3914638,"5":0.5318167},{"0":0.111047,"4":0.8889531},{"0":0.0714811,"5":0.9285189},{"0":0.02468496,"5":0.975315},{"4":0.1872669,"5":0.8127331},{"4":0.1607739,"5":0.839226},{"4":0.2284988,"5":0.7715011},{"4":0.04161953,"5":0.1285824,"6":0.8297981},{"4":0.1199364,"5":0.8800635},{"4":0.09091556,"5":0.2033715,"6":0.7057129},{"0":0.08461433,"4":0.8648933,"5":0.05049222},{"0":0.07104063,"4":0.3511394,"5":0.57782},{"4":0.1294323,"5":0.8705677},{"4":0.1165118,"5":0.8834882},{"4":0.2127087,"5":0.7872912},{"4":0.04439073,"5":0.2908947,"6":0.6647146},{"0":0.007909476,"4":0.6930851,"5":0.2133316,"6":0.04763197,"10":0.03804159},{"0":0.02213227,"4":0.5892439,"5":0.2788538,"6":0.06070423,"10":0.04906558},{"0":0.1413666,"1":0.2497259,"2":0.01492905,"4":0.5324856,"7":0.06149274},{"4":0.03992313,"5":0.2064988,"6":0.753578},{"4":0.03930926,"5":0.2185062,"6":0.7421845},{"4":0.03277224,"5":0.2237813,"6":0.7434464},{"4":0.04316824,"5":0.2244895,"6":0.7323422},{"4":0.03638792,"5":0.2395981,"6":0.724014},{"4":0.02944308,"5":0.2201739,"6":0.750383},{"4":0.02626651,"5":0.211107,"6":0.7626265},{"4":0.032691,"5":0.2466039,"6":0.720705},{"4":0.02808475,"5":0.2074678,"6":0.7644474},{"4":0.02972817,"5":0.2116566,"6":0.7586151},{"4":0.03060573,"5":0.2149598,"6":0.7544344},{"4":0.0317319,"5":0.2205331,"6":0.7477349},{"4":0.03161907,"5":0.2379299,"6":0.7304511},{"4":0.1151654,"5":0.8848346},{"0":0.09222674,"4":0.8767808,"5":0.03099238},{"0":0.02263581,"4":0.1373991,"5":0.8399651},{"0":0.1209626,"4":0.8788362,"7":0.000201227},{"0":0.07465416,"5":0.9253458},{"4":0.1217979,"5":0.8782021},{"4":0.1444665,"5":0.8555335},{"4":0.1394194,"5":0.8605806},{"4":0.1138277,"5":0.8861723},{"0":0.0786736,"4":0.9213263},{"0":0.05473554,"4":0.5076367,"5":0.4376277},{"0":0.04844373,"1":0.3039466,"2":0.03951197,"4":0.6080975},{"0":0.0927968,"2":0.009221851,"4":0.8930745,"7":0.004906833},{"0":0.08220529,"2":0.01421511,"4":0.9035795},{"0":0.03596907,"4":0.1303659,"5":0.833665},{"0":0.02086776,"4":0.1525789,"5":0.8265533},{"0":0.04784542,"5":0.9521546},{"4":0.1227242,"5":0.8772759},{"4":0.1240724,"5":0.8759275},{"4":0.1084317,"5":0.8915683},{"4":0.1915303,"5":0.8084697},{"4":0.1643908,"5":0.8356092},{"0":0.09159642,"1":0.09182447,"2":0.01215779,"4":0.04429507,"7":0.7601261},{"0":0.1398761,"1":0.6334513,"2":0.1782529,"3":0.04297149,"4":0.005448102},{"0":1},{"0":0.09741562,"1":0.6534107,"2":0.1940961,"3":0.05507755},{"0":0.1744934,"1":0.7100057,"2":0.08213084,"3":0.03337001},{"0":0.2058717,"1":0.4613778,"2":0.05145764,"3":0.007494986,"7":0.2116084,"10":0.06218934},{"0":0.1978738,"2":0.6001696,"3":0.1612894,"7":0.04066711},{"0":0.2653295,"2":0.3702501,"3":0.1808329,"7":0.1835873},{"0":0.2083535,"2":0.5686814,"3":0.148694,"7":0.07427096},{"0":0.1006492,"1":0.4414364,"2":0.3701855,"3":0.08151274,"7":0.006215989},{"0":0.8439785,"7":0.1560215},{"0":0.8762583,"7":0.1237418},{"0":1},{"0":0.605575,"1":0.394425},{"0":0.1372981,"1":0.5725376,"2":0.1161214,"3":0.06034803,"7":0.1136949},{"0":0.1398761,"1":0.6334513,"2":0.1782529,"3":0.04297149,"7":0.005448102},{"0":0.1640374,"1":0.7801399,"2":0.05582267},{"0":0.1195939,"1":0.7272099,"2":0.02889412,"3":0.001226723,"7":0.1230753},{"0":0.1262712,"1":0.8644405,"7":0.009288191},{"0":0.8677929,"2":0.132207},{"0":0.1053189,"1":0.6452857,"2":0.1964815,"3":0.05291384},{"0":0.2153464,"1":0.07665139,"2":0.5161808,"3":0.1273369,"7":0.06448435},{"0":0.7980735,"10":0.2019265},{"0":0.09159642,"1":0.09182447,"2":0.01215779,"4":0.7601261,"7":0.04429507},{"0":0.1196137,"1":0.2121057,"2":0.5787394,"3":0.08576369,"7":0.003777384},{"0":0.17206,"4":0.02721136,"10":0.8007286},{"0":0.1557935,"10":0.8442065},{"0":0.2105923,"4":0.02806854,"10":0.7613392},{"0":0.5114738,"10":0.4885262},{"0":0.5889264,"10":0.4110736},{"0":0.1896005,"10":0.8103994},{"0":0.2052122,"10":0.7947877},{"3":1},{"3":1},{"3":1},{"3":1},{"3":1},{"3":1},{"3":1},{"3":1},{"3":1},{"3":1},{"3":1},{"3":1},{"3":1},{"3":1},{"3":1},{"3":1},{"3":1},{"1":0.0000169346,"3":0.9999831},{"3":1},{"3":1},{"3":1},{"3":1},{"3":1},{"3":1},{"3":1},{"3":1},{"3":1},{"3":1},{"1":0.000285368,"3":0.9997146},{"3":1},{"3":1},{"3":1},{"3":1},{"3":1},{"3":1},{"3":1},{"3":1},{"3":1},{"3":1},{"3":1},{"3":1},{"0":0.6232186,"5":0.1163125,"10":0.2604688},{"0":0.8695927,"2":0.1304073},{"0":0.7557945,"5":0.1336447,"7":0.1105608},{"0":0.3225057,"2":0.2612914,"3":0.1472736,"7":0.2689293},{"0":0.0906533,"10":0.9093467},{"0":0.1227076,"10":0.8772923},{"0":1},{"0":0.09169495,"10":0.9083051},{"0":1},{"0":1},{"10":0.01783508,"11":0.9272837,"14":0.05488121},{"10":0.00727421,"11":0.9769525,"14":0.01577329},{"10":0.07166713,"11":0.81944,"14":0.1088928},{"10":0.03918617,"11":0.8803668,"14":0.08044695},{"10":0.03662258,"11":0.9169527,"14":0.04642468},{"10":0.058869,"11":0.8529083,"14":0.08822256},{"10":0.5196259,"11":0.4803742},{"10":1},{"0":0.01986783,"10":0.9801321},{"10":0.5068702,"11":0.4931299},{"10":0.9937782,"11":0.006221711},{"10":0.7639454,"11":0.2360545},{"10":0.7392916,"11":0.2607085},{"10":0.8784954,"11":0.1215046},{"10":0.9863826,"11":0.01361739},{"10":0.6891124,"11":0.3108876},{"10":1},{"10":1},{"10":1},{"0":0.04685825,"10":0.9531417},{"10":1},{"0":0.01326322,"10":0.9867368},{"10":0.999874,"11":0.000125955},{"10":1},{"10":0.009974777,"11":0.8368519,"14":0.1531733},{"11":0.92614,"14":0.07385998},{"10":0.06191062,"11":0.7339589,"14":0.2041304},{"10":0.02828389,"11":0.7890957,"14":0.1826204},{"10":0.008077561,"11":0.9025739,"14":0.08934849},{"10":0.05120098,"11":0.7770231,"14":0.1717758},{"11":0.07615429,"14":0.7982193,"15":0.1256264},{"11":0.05850571,"14":0.9414942},{"11":0.1226842,"14":0.8773157},{"11":0.08562493,"14":0.914375},{"14":0.1875815,"15":0.8124185},{"14":0.3958984,"15":0.6041015},{"14":0.05205214,"15":0.9479479},{"14":0.01160234,"15":0.9883977},{"14":0.02353048,"15":0.9764695},{"15":1},{"14":0.135184,"15":0.864816},{"14":0.09902817,"15":0.9009718},{"11":0.06052649,"14":0.8237956,"15":0.1156777},{"11":0.04132932,"14":0.8423391,"15":0.1163316},{"11":0.1337286,"14":0.7945037,"15":0.07176762},{"11":0.07886016,"14":0.8391633,"15":0.08197647},{"11":0.2387449,"14":0.7045156,"15":0.05673933},{"11":0.1143786,"14":0.8145136,"15":0.07110756},{"11":0.2628054,"14":0.7371946},{"11":0.2403852,"14":0.7585943,"15":0.00102055},{"11":0.3549984,"14":0.6450015},{"11":0.4582783,"14":0.5417217},{"11":0.3789252,"14":0.6210747},{"11":0.3742539,"14":0.6257461},{"0":0.275816,"2":0.3510243,"3":0.1746321,"7":0.1985275},{"0":0.2070268,"1":0.006523013,"2":0.568667,"3":0.1419662,"7":0.07581675},{"0":0.1722955,"1":0.7210064,"2":0.07907789,"3":0.02762007},{"0":0.2169562,"2":0.5624344,"3":0.1360626,"7":0.08454656},{"0":1},{"0":0.4760362,"10":0.5239639},{"0":0.2745918,"2":0.3775471,"3":0.154412,"7":0.193449},{"0":0.8289449,"7":0.004978537,"10":0.1660765},{"0":0.9250627,"10":0.07493728},{"10":1},{"10":1},{"10":0.9997342,"11":0.000265752},{"10":0.9847453,"11":0.01525479},{"10":1},{"10":1},{"0":0.9124198,"2":0.0875802},{"0":0.6828876,"10":0.3171123},{"0":0.778967,"10":0.221033},{"0":0.2985208,"10":0.7014792},{"0":0.05951601,"1":0.4632548,"2":0.04490029,"3":0.01403868,"4":0.3758513,"7":0.0424388},{"0":0.4237468,"10":0.5762533},{"0":0.05080461,"1":0.3230328,"2":0.03234267,"4":0.5736125,"7":0.02020734},{"0":0.161162,"10":0.8388379},{"0":0.6868088,"10":0.3131912},{"0":0.1764666,"10":0.8235334},{"0":0.09485822,"1":0.6464543,"2":0.168026,"3":0.09066134},{"0":0.4754703,"2":0.1204745,"3":0.05116897,"5":0.11398,"8":0.11398,"10":0.0624631,"12":0.0624631},{"0":1},{"0":0.09741562,"1":0.6534107,"2":0.1940961,"3":0.05507755},{"0":0.1744934,"1":0.7100057,"2":0.08213084,"3":0.03337001},{"0":0.2058717,"1":0.4613778,"2":0.05145764,"3":0.007494986,"4":0.2116084,"12":0.06218934},{"0":0.3481111,"2":0.341951,"3":0.3099378},{"0":0.1978738,"2":0.6001696,"3":0.1612894,"4":0.04066711},{"0":0.2653295,"2":0.3702501,"3":0.1808329,"4":0.1835873},{"0":0.2083535,"2":0.5686814,"3":0.148694,"4":0.07427096},{"0":0.1006492,"1":0.4414364,"2":0.3701855,"3":0.08151274,"4":0.006215989},{"0":0.8439785,"4":0.1560215},{"0":0.8762583,"4":0.1237418},{"0":1},{"0":0.605575,"1":0.394425},{"0":0.1372981,"1":0.5725376,"2":0.1161214,"3":0.06034803,"4":0.1136949},{"0":0.06821131,"1":0.5451803,"2":0.0865494,"3":0.01901018,"4":0.023871,"7":0.2571778},{"0":0.1640374,"1":0.7801399,"2":0.05582267},{"0":0.1195939,"1":0.7272099,"2":0.02889412,"3":0.001226723,"4":0.1230753},{"0":0.1262712,"1":0.8644405,"4":0.009288191},{"0":0.8677929,"2":0.132207},{"0":0.1053189,"1":0.6452857,"2":0.1964815,"3":0.05291384},{"0":0.2153464,"1":0.07665139,"2":0.5161808,"3":0.1273369,"4":0.06448435},{"0":0.7980735,"12":0.2019265},{"0":0.1196137,"1":0.2121057,"2":0.5787394,"3":0.08576369,"4":0.003777384},{"0":0.17206,"7":0.02721136,"12":0.8007286},{"0":0.1557935,"12":0.8442065},{"0":0.2105923,"7":0.02806854,"12":0.7613392},{"0":0.5114738,"12":0.4885262},{"0":0.5889264,"12":0.4110736},{"0":0.1896005,"12":0.8103994},{"0":0.2052122,"12":0.7947877},{"0":0.4990597,"2":0.3428221,"3":0.158118},{"0":0.8064951,"2":0.1889221,"3":0.004582762},{"0":1},{"3":1},{"3":1},{"3":1},{"3":1},{"3":1},{"3":1},{"3":1},{"3":1},{"3":1},{"3":1},{"3":1},{"3":1},{"3":1},{"3":1},{"3":1},{"3":1},{"3":1},{"3":1},{"3":1},{"1":0.0000169346,"3":0.9999831},{"3":1},{"3":1},{"3":1},{"3":1},{"3":1},{"3":1},{"3":1},{"3":1},{"3":1},{"3":1},{"3":1},{"3":1},{"3":1},{"1":0.000285368,"3":0.9997146},{"1":0.07649612,"3":0.9235038},{"3":1},{"3":1},{"3":1},{"3":1},{"3":1},{"3":1},{"3":1},{"3":1},{"3":1},{"3":1},{"3":1},{"3":1},{"3":1},{"3":1},{"3":1},{"1":0.0371955,"3":0.9628044},{"3":1},{"3":1},{"3":1},{"3":1},{"3":1},{"3":1},{"0":0.6232186,"8":0.1163125,"12":0.2604688},{"0":0.6955492,"4":0.03335165,"5":0.0283131,"7":0.03335165,"8":0.0283131,"10":0.09056061,"12":0.09056061},{"0":0.8695927,"2":0.1304073},{"0":0.8431184,"2":0.1494742,"3":0.007407307},{"0":0.970359,"1":0.02964097},{"0":0.5877501,"4":0.1764196,"5":0.02970528,"7":0.1764196,"8":0.02970528},{"0":0.3429154,"2":0.3674878,"3":0.2895969},{"0":0.4003254,"2":0.3106405,"3":0.289034},{"0":0.5166532,"1":0.05895191,"2":0.2764086,"3":0.1479863},{"0":0.7557945,"4":0.1105608,"8":0.1336447},{"0":0.3225057,"2":0.2612914,"3":0.1472736,"4":0.2689293},{"0":1},{"0":0.0906533,"12":0.9093467},{"0":0.1227076,"12":0.8772923},{"0":1},{"0":0.09169495,"12":0.9083051},{"0":1},{"0":0.9934029,"4":0.003298521,"7":0.003298521},{"0":1},{"0":1},{"12":0.01783508,"13":0.9272837,"16":0.05488121},{"12":0.00727421,"13":0.9769525,"16":0.01577329},{"12":0.07166713,"13":0.81944,"16":0.1088928},{"12":0.03918617,"13":0.8803668,"16":0.08044695},{"12":0.03662258,"13":0.9169527,"16":0.04642468},{"12":0.058869,"13":0.8529083,"16":0.08822256},{"12":0.5196259,"13":0.4803742},{"12":1},{"0":0.01986783,"12":0.9801321},{"12":0.5068702,"13":0.4931299},{"12":0.9937782,"13":0.006221711},{"12":0.7639454,"13":0.2360545},{"12":0.7392916,"13":0.2607085},{"12":0.8784954,"13":0.1215046},{"12":0.9863826,"13":0.01361739},{"12":0.6891124,"13":0.3108876},{"12":1},{"12":1},{"12":1},{"0":0.04685825,"12":0.9531417},{"12":1},{"0":0.01326322,"12":0.9867368},{"12":0.999874,"13":0.000125955},{"12":1},{"12":0.009974777,"13":0.8368519,"16":0.1531733},{"13":0.92614,"16":0.07385998},{"12":0.06191062,"13":0.7339589,"16":0.2041304},{"12":0.02828389,"13":0.7890957,"16":0.1826204},{"12":0.008077561,"13":0.9025739,"16":0.08934849},{"12":0.05120098,"13":0.7770231,"16":0.1717758},{"13":0.07615429,"16":0.7982193,"17":0.1256264},{"13":0.05850571,"16":0.9414942},{"13":0.1226842,"16":0.8773157},{"13":0.08562493,"16":0.914375},{"16":0.1875815,"17":0.8124185},{"16":0.3958984,"17":0.6041015},{"16":0.05205214,"17":0.9479479},{"16":0.01160234,"17":0.9883977},{"16":0.02353048,"17":0.9764695},{"17":1},{"16":0.135184,"17":0.864816},{"16":0.09902817,"17":0.9009718},{"13":0.06052649,"16":0.8237956,"17":0.1156777},{"13":0.04132932,"16":0.8423391,"17":0.1163316},{"13":0.1337286,"16":0.7945037,"17":0.07176762},{"13":0.07886016,"16":0.8391633,"17":0.08197647},{"13":0.2387449,"16":0.7045156,"17":0.05673933},{"13":0.1143786,"16":0.8145136,"17":0.07110756},{"13":0.2628054,"16":0.7371946},{"13":0.2403852,"16":0.7585943,"17":0.00102055},{"13":0.3549984,"16":0.6450015},{"13":0.4582783,"16":0.5417217},{"13":0.3789252,"16":0.6210747},{"13":0.3742539,"16":0.6257461},{"0":0.2039508,"2":0.6003081,"3":0.195741},{"0":0.1111686,"1":0.4489084,"2":0.3173915,"3":0.1225313},{"0":0.275816,"2":0.3510243,"3":0.1746321,"4":0.1985275},{"0":0.2070268,"1":0.006523013,"2":0.568667,"3":0.1419662,"4":0.07581675},{"0":0.1722955,"1":0.7210064,"2":0.07907789,"3":0.02762007},{"0":0.2169562,"2":0.5624344,"3":0.1360626,"4":0.08454656},{"0":1},{"0":0.4760362,"12":0.5239639},{"0":0.2745918,"2":0.3775471,"3":0.154412,"4":0.193449},{"0":0.8289449,"4":0.004978537,"12":0.1660765},{"0":0.9250627,"12":0.07493728},{"12":1},{"12":1},{"12":0.9997342,"13":0.000265752},{"12":0.9847453,"13":0.01525479},{"12":1},{"12":1},{"0":0.9124198,"2":0.0875802},{"0":0.6828876,"12":0.3171123},{"0":0.778967,"12":0.221033},{"0":0.2985208,"12":0.7014792},{"0":0.4237468,"12":0.5762533},{"0":0.161162,"12":0.8388379},{"0":0.6868088,"12":0.3131912},{"0":0.1764666,"12":0.8235334},{"0":1},{"0":1},{"0":0.2761732,"10":0.3619133,"12":0.3619133}],"jointNamePositionIndex":{"Torso":0,"Chest":1,"Bone_002":2,"Head":3,"Upper_Arm_L":4,"Lower_Arm_L":5,"Hand_L":6,"Upper_Arm_R":7,"Lower_Arm_R":8,"Hand_R":9,"Upper_Leg_L":10,"Lower_Leg_L":11,"Upper_Leg_R":12,"Lower_Leg_R":13,"Foot_L":14,"Toe_L":15,"Foot_R":16,"Toe_R":17},"keyframes":{"0":[[0.885655,-0.464344,0,0,0.464344,0.885655,0,0,0,0,1,0,0,0,-6.242248,1],[0.885655,-0.464344,0,0,0.464344,0.885655,0,0,0,0,1,0,0,0,-6.242248,1],[0.885655,-0.464343,0,0,0.464344,0.885655,0,0,0,0,1,0,0,0,-6.242242,1],[0.885655,-0.451755,-0.107387,0,0.464344,0.861646,0.204821,0,0,-0.231266,0.972891,0,0,2.496476,-5.947235,1],[0.615581,-0.781567,-0.101054,0,0.543403,0.51383,-0.663847,0,0.570764,0.353739,0.74101,0,-5.313636,-2.877061,-3.21015,1],[-0.319699,-0.893463,0.315461,0,-0.055561,-0.314684,-0.947569,0,0.945889,-0.320464,0.050962,0,-5.168647,3.224711,1.150503,1],[-0.279661,-0.86999,0.406086,0,-0.653085,-0.137654,-0.744669,0,0.703754,-0.473464,-0.529681,0,-3.874663,4.044044,4.258493,1],[0.925191,-0.230555,0.301441,0,0.379383,0.54194,-0.749913,0,0.009533,0.808176,0.588866,0,0.00233,-7.489326,-1.395902,1],[0.495956,0.491451,-0.715894,0,-0.624583,-0.370856,-0.687285,0,-0.603261,0.787999,0.123023,0,4.109614,-4.688423,-0.775897,1],[0.633771,0.576848,-0.515347,0,0.167524,-0.752781,-0.636597,0,-0.755163,0.317124,-0.573726,0,5.598381,-1.489456,4.264914,1],[0.999493,0.031146,0.007751,0,-0.031543,0.910254,0.412815,0,0.005789,-0.41287,0.910778,0,-0.102075,1.809724,-5.78809,1],[0.999493,0.031146,0.007751,0,-0.031996,0.951324,0.30649,0,0.002162,-0.306597,0.95184,0,-0.089793,1.449433,-5.925321,1],[0.992749,0.026411,-0.117336,0,-0.082407,0.859807,-0.503899,0,0.087591,0.509942,0.855745,0,-0.349451,-2.342546,-5.529689,1],[0.992749,0.026411,-0.117336,0,-0.019721,0.998139,0.057578,0,0.118637,-0.054845,0.991422,0,-0.455526,-0.433556,-5.997921,1],[0.952452,-0.304249,-0.016378,0,0.30251,0.937854,0.170053,0,-0.036378,-0.166922,0.985299,0,-0.09973,1.62119,-5.899276,1],[0.95814,-0.286302,0,0,0.286302,0.958139,0,0,0,-0.000001,1,0,-0.125857,1.570302,-6.029014,1],[0.763153,-0.646214,0.002339,0,0.646215,0.763155,-0.000124,0,-0.001705,0.001606,0.999997,0,-0.720663,-1.018206,-5.885153,1],[0.763153,-0.646214,0.002339,0,0.646215,0.763155,-0.000124,0,-0.001705,0.001606,0.999997,0,-0.720663,-1.018206,-5.885153,1]],"1":[[-0.315091,-0.947317,-0.057514,0,0.948913,-0.315536,-0.001418,0,-0.016804,-0.055022,0.998344,0,0.098929,0.341124,-7.554192,1],[-0.302385,-0.950412,0.072668,0,0.951881,-0.30508,-0.029133,0,0.049858,0.060362,0.996931,0,-0.43426,-0.581091,-7.546355,1],[-0.302385,-0.950412,0.072668,0,0.951881,-0.30508,-0.029133,0,0.049858,0.060362,0.996931,0,-0.43426,-0.58109,-7.54635,1],[0.609828,-0.792251,-0.021172,0,0.791367,0.610162,-0.037969,0,0.042999,0.0064,0.999054,0,-0.362042,0.011914,-7.569381,1],[-0.452237,-0.891702,-0.018693,0,0.609017,-0.293422,-0.736887,0,0.651599,-0.344631,0.675757,0,-5.998438,3.332448,-3.89086,1],[-0.338733,-0.935387,0.101542,0,0.721019,-0.327398,-0.61069,0,0.604477,-0.133647,0.785333,0,-6.024916,1.816826,-5.180816,1],[-0.776579,-0.446541,0.44444,0,0.519179,-0.853207,0.049932,0,0.356902,0.26952,0.894416,0,-2.679614,-2.672668,-7.295872,1],[-0.653359,-0.756902,-0.014938,0,0.193827,-0.148173,-0.969781,0,0.731817,-0.636511,0.243517,0,-7.247917,6.477032,0.256013,1],[-0.808965,-0.527673,-0.259108,0,0.551896,-0.529927,-0.643885,0,0.202453,-0.663882,0.719912,0,-3.730804,7.581877,-4.403725,1],[-0.966362,-0.146341,-0.211494,0,0.20333,0.068833,-0.976687,0,0.157487,-0.986837,-0.036763,0,-4.122711,11.13282,0.354475,1],[0.791021,-0.596465,0.136278,0,0.242317,0.100872,-0.964908,0,0.561805,0.796279,0.224321,0,-3.986567,-4.630593,-3.451249,1],[0.791021,-0.596465,0.136278,0,0.603651,0.724526,-0.332585,0,0.099636,0.34535,0.93317,0,-2.428454,-3.114765,-5.860234,1],[0.864428,-0.383782,0.324854,0,0.427834,0.900766,-0.074269,0,-0.264136,0.203195,0.942843,0,2.519122,-0.641199,-6.909847,1],[0.864429,-0.383782,0.324853,0,-0.174832,0.376362,0.909796,0,-0.471438,-0.843242,0.258245,0,3.230402,2.908429,-4.609132,1],[0.67707,-0.669229,-0.306119,0,0.732886,0.650902,0.198001,0,0.066746,-0.358411,0.931175,0,-2.331461,-2.386982,-5.60528,1],[0.679733,-0.667823,-0.303276,0,0.73056,0.653192,0.199056,0,0.065163,-0.356866,0.93188,0,-2.334885,-2.387182,-5.607319,1],[0.686087,-0.713504,-0.142113,0,0.688461,0.573603,0.443847,0,-0.23517,-0.402357,0.884762,0,2.632851,2.162512,-5.474272,1],[0.686087,-0.713504,-0.142113,0,0.688461,0.573603,0.443847,0,-0.23517,-0.402357,0.884762,0,2.632851,2.162512,-5.474272,1]],"2":[[0.911057,-0.412251,-0.004918,0,0.412243,0.910748,0.024375,0,-0.00557,-0.024235,0.999691,0,-0.201941,-0.110626,-6.311917,1],[0.904878,-0.424744,0.028085,0,0.419517,0.90103,0.110227,0,-0.072124,-0.08796,0.99351,0,0.331663,0.398205,-6.25168,1],[0.904877,-0.424744,0.028085,0,0.419517,0.90103,0.110227,0,-0.072124,-0.08796,0.993509,0,0.331663,0.398204,-6.251675,1],[0.904747,-0.402497,-0.139386,0,0.420852,0.895176,0.146778,0,0.065697,-0.191458,0.979299,0,-1.156239,1.515511,-6.097846,1],[0.670594,-0.729422,-0.135076,0,0.568947,0.622564,-0.537321,0,0.476027,0.283474,0.832491,0,-4.842679,-2.718159,-4.111981,1],[-0.455113,-0.880402,-0.133279,0,-0.021633,0.160566,-0.986788,0,0.890171,-0.446217,-0.092121,0,-4.444793,3.736901,3.419956,1],[-0.490082,-0.850796,-0.189642,0,-0.498173,0.451907,-0.740003,0,0.715292,-0.268188,-0.645316,0,-3.239309,2.537179,6.984508,1],[0.947583,-0.02605,0.318445,0,0.275457,0.571614,-0.772903,0,-0.161894,0.82011,0.548828,0,1.348841,-7.863901,-1.020727,1],[0.33259,0.679133,-0.654342,0,-0.61091,-0.373433,-0.698095,0,-0.718452,0.631923,0.290688,0,4.397034,-3.770347,-1.913146,1],[0.531815,0.727931,-0.43277,0,0.191595,-0.601199,-0.77579,0,-0.824903,0.32966,-0.459195,0,5.872155,-1.742541,3.537778,1],[0.995523,0.084052,0.043404,0,-0.094205,0.921465,0.376834,0,-0.008332,-0.379255,0.92526,0,-0.230864,1.38413,-5.970499,1],[0.995523,0.084053,0.043404,0,-0.092644,0.958642,0.269075,0,-0.019001,-0.271905,0.962139,0,-0.194786,1.020258,-6.093551,1],[0.998154,0.022376,-0.056569,0,-0.05306,0.774598,-0.630199,0,0.029732,0.632073,0.774351,0,-0.289172,-3.293265,-5.09061,1],[0.998154,0.022376,-0.056569,0,-0.006252,0.962803,0.270102,0,0.060502,-0.269261,0.961167,0,-0.394056,-0.246215,-5.737386,1],[0.960891,-0.27689,-0.004473,0,0.276866,0.960223,0.036283,0,-0.005752,-0.036102,0.999332,0,-0.272055,1.122675,-6.024976,1],[0.962545,-0.271121,-0.000001,0,0.271121,0.962545,0,0,0.000001,0,1,0,-0.278933,1.108646,-6.052812,1],[0.80136,-0.598176,0.002804,0,0.595073,0.797663,0.098092,0,-0.060913,-0.076938,0.995173,0,-0.612719,-0.927778,-5.671391,1],[0.80136,-0.598176,0.002805,0,0.595073,0.797663,0.098092,0,-0.060913,-0.076938,0.995173,0,-0.612719,-0.927777,-5.67139,1]],"3":[[0.997975,0.013386,0.062176,0,-0.016312,0.998772,0.04679,0,-0.061473,-0.04771,0.996968,0,0.507045,0.28087,-5.564209,1],[0.999872,0.016008,0.000268,0,-0.015997,0.998215,0.057541,0,0.000654,-0.057538,0.998343,0,0.009825,0.359465,-5.573868,1],[0.999872,0.016008,0.000268,0,-0.015997,0.998215,0.057541,0,0.000654,-0.057538,0.998343,0,0.009825,0.359464,-5.573863,1],[0.999872,0.016008,0.000268,0,-0.015997,0.998215,0.057541,0,0.000654,-0.057538,0.998343,0,0.009825,0.359464,-5.573863,1],[0.960235,-0.190309,-0.204281,0,0.148469,0.967722,-0.203647,0,0.236442,0.16522,0.957495,0,-2.349086,-1.547849,-4.763049,1],[0.728062,-0.58596,-0.355776,0,0.495037,0.808423,-0.31842,0,0.474199,0.055707,0.878654,0,-3.724384,0.577148,-3.628922,1],[0.731593,-0.612071,-0.300234,0,0.488378,0.777803,-0.395615,0,0.475667,0.142801,0.867956,0,-3.748093,0.163951,-3.798825,1],[0.957068,0.13379,0.257139,0,-0.167087,0.979532,0.112241,0,-0.23686,-0.150388,0.959835,0,2.374681,1.443282,-4.877951,1],[0.744353,0.274049,0.608963,0,-0.524176,0.804767,0.27855,0,-0.413738,-0.526543,0.74268,0,3.333374,4.921507,-2.212105,1],[0.745867,0.378872,0.547849,0,-0.517576,0.847372,0.118641,0,-0.419283,-0.372044,0.828122,0,3.373076,4.435118,-2.983181,1],[0.998752,-0.034898,-0.035716,0,0.041498,0.977871,0.205044,0,0.02777,-0.206281,0.9781,0,0.016786,1.18845,-5.384569,1],[0.998752,-0.034898,-0.035716,0,0.03807,0.994988,0.092461,0,0.032311,-0.093709,0.995075,0,0.001478,0.80723,-5.440187,1],[0.996513,-0.082908,0.009404,0,0.054379,0.559872,-0.826767,0,0.06328,0.82445,0.562424,0,-0.178007,-4.527957,-3.191193,1],[0.996513,-0.082908,0.009404,0,0.083251,0.995448,-0.046396,0,-0.005514,0.047023,0.998878,0,0.054324,-1.904218,-4.6808,1],[0.988648,0.146397,0.033824,0,-0.123646,0.664795,0.736722,0,0.085368,-0.73254,0.67535,0,0.003751,1.317616,-5.375887,1],[0.992546,0.121869,0,0,-0.121869,0.992546,0,0,0,0,1,0,0.026097,1.341737,-5.920295,1],[0.996635,-0.080726,0.014255,0,0.07094,0.936471,0.343497,0,-0.041079,-0.34133,0.939046,0,0.090171,-1.531371,-4.722822,1],[0.996635,-0.080726,0.014255,0,0.07094,0.936471,0.343497,0,-0.041079,-0.341329,0.939046,0,0.090171,-1.531371,-4.722822,1]],"0.04166662":[[0.880654,-0.47376,0,0,0.47376,0.880654,0,0,0,0,1,0,0,0,-6.237556,1],[0.880654,-0.47376,0,0,0.47376,0.880654,0,0,0,0,1,0,0,0,-6.237555,1],[0.880654,-0.47376,0,0,0.47376,0.880654,0,0,0,0,1,0,0,0,-6.23755,1],[0.880788,-0.461173,-0.107387,0,0.473504,0.856646,0.204821,0,-0.002466,-0.231252,0.97289,0,0.026615,2.496331,-5.942543,1],[0.605288,-0.789785,-0.099319,0,0.545815,0.502618,-0.670419,0,0.579406,0.351588,0.735305,0,-5.388275,-2.854248,-3.148096,1],[-0.328851,-0.88731,0.323322,0,-0.064976,-0.320294,-0.945087,0,0.942144,-0.331801,0.047676,0,-5.142525,3.274252,1.170358,1],[-0.287998,-0.86373,0.413555,0,-0.659074,-0.13453,-0.739949,0,0.694751,-0.485667,-0.530517,0,-3.820393,4.098245,4.265238,1],[0.924823,-0.236233,0.298157,0,0.37989,0.533035,-0.756013,0,0.019667,0.812447,0.582705,0,-0.086947,-7.524488,-1.331659,1],[0.496212,0.481802,-0.722246,0,-0.631485,-0.370608,-0.681084,0,-0.595819,0.794051,0.12035,0,4.047468,-4.754413,-0.754994,1],[0.635848,0.56751,-0.523097,0,0.157593,-0.758934,-0.631809,0,-0.755554,0.319299,-0.572002,0,5.591113,-1.53073,4.25346,1],[0.999988,-0.001966,-0.005807,0,0.004214,0.910575,0.413293,0,0.004463,-0.413332,0.910575,0,-0.101297,1.832845,-5.770352,1],[0.999988,-0.001966,-0.005807,0,0.003679,0.951697,0.306982,0,0.004913,-0.307014,0.951696,0,-0.102813,1.472398,-5.907779,1],[0.99302,0.023708,-0.115607,0,-0.079022,0.860994,-0.502411,0,0.087639,0.508067,0.856854,0,-0.34469,-2.32678,-5.529604,1],[0.99302,0.023708,-0.115607,0,-0.01768,0.998448,0.052656,0,0.116674,-0.050243,0.991899,0,-0.44394,-0.439694,-5.99559,1],[0.95379,-0.300234,-0.012037,0,0.29943,0.94637,0.121347,0,-0.025041,-0.119344,0.992537,0,-0.111016,1.565688,-5.891423,1],[0.958139,-0.286302,0,0,0.286302,0.95814,0,0,0,-0.000001,1,0,-0.130672,1.526544,-5.983437,1],[0.755715,-0.654897,0.002323,0,0.654898,0.755717,-0.000003,0,-0.001753,0.001524,0.999997,0,-0.719697,-1.023749,-5.88507,1],[0.755715,-0.654897,0.002323,0,0.654898,0.755717,-0.000003,0,-0.001753,0.001524,0.999997,0,-0.719697,-1.023749,-5.88507,1]],"0.08333331":[[0.856516,-0.51612,0,0,0.51612,0.856516,0,0,0,0,1,0,0,0,-6.216818,1],[0.856516,-0.51612,0,0,0.51612,0.856516,0,0,0,0,1,0,0,0,-6.216817,1],[0.856516,-0.51612,0,0,0.51612,0.856516,0,0,0,0,1,0,0,0,-6.216812,1],[0.857264,-0.503554,-0.107387,0,0.514694,0.832549,0.204821,0,-0.013734,-0.230857,0.97289,0,0.148252,2.492065,-5.921805,1],[0.557599,-0.825059,-0.091429,0,0.554111,0.451952,-0.699071,0,0.618096,0.339141,0.709183,0,-5.721253,-2.727263,-2.865354,1],[-0.368478,-0.857908,0.358075,0,-0.108714,-0.342769,-0.933108,0,0.923258,-0.382758,0.033037,0,-5.016939,3.497561,1.260597,1],[-0.323904,-0.834115,0.446473,0,-0.685706,-0.118167,-0.718223,0,0.651839,-0.538784,-0.533683,0,-3.566176,4.333235,4.294108,1],[0.922223,-0.263821,0.282673,0,0.380795,0.492847,-0.782366,0,0.06709,0.829158,0.554976,0,-0.505042,-7.661467,-1.044399,1],[0.495839,0.438054,-0.749835,0,-0.663285,-0.366294,-0.652595,0,-0.560532,0.820938,0.108931,0,3.749565,-5.043925,-0.662257,1],[0.643926,0.524351,-0.55715,0,0.110805,-0.784453,-0.610209,0,-0.757022,0.331195,-0.56323,0,5.5503,-1.727222,4.197417,1],[0.994171,-0.098564,-0.043825,0,0.107182,0.948916,0.296737,0,0.012329,-0.299717,0.953951,0,-0.163985,1.258143,-5.945249,1],[0.994171,-0.098564,-0.043826,0,0.107888,0.907953,0.404919,0,-0.000132,-0.407305,0.913298,0,-0.121828,1.622883,-5.80943,1],[0.993675,0.013198,-0.111597,0,-0.066972,0.866842,-0.494035,0,0.09023,0.49841,0.862239,0,-0.335082,-2.247869,-5.535162,1],[0.993675,0.013198,-0.111597,0,-0.009957,0.999512,0.029293,0,0.111928,-0.027994,0.993322,0,-0.409432,-0.468674,-5.987227,1],[0.957151,-0.28958,-0.002354,0,0.289581,0.957154,-0.000003,0,0.002254,-0.000679,0.999997,0,-0.138226,1.406851,-5.82034,1],[0.958139,-0.286302,-0.000005,0,0.286302,0.95814,0,0,0.000004,-0.000001,1,0,-0.140593,1.404389,-5.822425,1],[0.732719,-0.680527,0.002322,0,0.680529,0.732721,0.000043,0,-0.00173,0.001548,0.999997,0,-0.715076,-1.03949,-5.885018,1],[0.732719,-0.680527,0.002322,0,0.680529,0.732721,0.000043,0,-0.00173,0.001548,0.999997,0,-0.715076,-1.03949,-5.885018,1]],"0.125":[[0.813432,-0.581661,0,0,0.581661,0.813432,0,0,0,0,1,0,0,0,-6.189755,1],[0.813432,-0.581661,0,0,0.581661,0.813432,0,0,0,0,1,0,0,0,-6.189754,1],[0.813431,-0.58166,0,0,0.581661,0.813432,0,0,0,0,1,0,0,0,-6.189749,1],[0.815161,-0.569192,-0.107387,0,0.578361,0.78965,0.204821,0,-0.031785,-0.22907,0.97289,0,0.343109,2.472781,-5.894742,1],[0.482617,-0.872058,-0.081207,0,0.560273,0.378669,-0.736685,0,0.673182,0.31004,0.671343,0,-6.191951,-2.44932,-2.459145,1],[-0.423466,-0.810553,0.404573,0,-0.175635,-0.364662,-0.914426,0,0.888723,-0.458286,0.012061,0,-4.800276,3.833503,1.395379,1],[-0.373424,-0.787556,0.490213,0,-0.72246,-0.084578,-0.686221,0,0.581899,-0.610411,-0.537394,0,-3.159946,4.648467,4.336537,1],[0.911961,-0.317997,0.25924,0,0.383028,0.433458,-0.815722,0,0.147028,0.843205,0.517098,0,-1.217827,-7.776576,-0.65768,1],[0.49515,0.371873,-0.785199,0,-0.712721,-0.342976,-0.611879,0,-0.496846,0.8626,0.095216,0,3.22159,-5.457646,-0.541984,1],[0.656457,0.454779,-0.601865,0,0.031229,-0.813543,-0.580665,0,-0.753717,0.362386,-0.548258,0,5.441943,-2.091719,4.105615,1],[0.964204,-0.245081,-0.10127,0,0.246962,0.969002,0.006078,0,0.096641,-0.030868,0.994841,0,-0.639272,-0.138494,-6.07259