{"vertexJointWeights":[{"2":0.04873216,"3":0.9512678},{"2":0.05171954,"3":0.9482805},{"2":0.004498362,"3":0.9955016},{"2":0.04536086,"3":0.9546391},{"2":0.07128566,"3":0.9287143},{"2":0.08369565,"3":0.9163043},{"2":0.03209388,"3":0.9679061},{"2":0.07598978,"3":0.9240102},{"2":0.03567951,"3":0.9643204},{"2":0.07790893,"3":0.9220911},{"2":0.05141395,"3":0.9485859},{"2":0.06513965,"3":0.9348604},{"2":0.08507835,"3":0.9149217},{"2":0.07000398,"3":0.929996},{"2":0.07443189,"3":0.9255681},{"2":0.08007645,"3":0.9199236},{"2":0.05550521,"3":0.9444948},{"2":0.08141815,"3":0.9185819},{"2":0.06709676,"3":0.9329032},{"2":0.06357038,"3":0.9364297},{"2":0.08554965,"3":0.9144504},{"2":0.0681765,"3":0.9318234},{"2":0.07379198,"3":0.926208},{"2":0.07176023,"3":0.9282398},{"2":0.07493108,"3":0.9250689},{"2":0.07867228,"3":0.9213277},{"2":0.07295107,"3":0.927049},{"2":0.07519423,"3":0.9248058},{"2":0.07765555,"3":0.9223444},{"2":0.01650941,"3":0.9834906},{"2":0.1412421,"3":0.8587579},{"2":0.02857095,"3":0.9714291},{"2":0.04873216,"3":0.9512678},{"2":0.1529492,"3":0.8470509},{"2":0.05171954,"3":0.9482805},{"2":0.04608178,"3":0.9539182},{"2":0.04978507,"3":0.9502149},{"2":0.06959927,"3":0.9304007},{"2":0.004447996,"3":0.995552},{"2":0.004498362,"3":0.9955016},{"2":0.04536086,"3":0.9546391},{"2":0.07128566,"3":0.9287143},{"2":0.08369565,"3":0.9163043},{"7":0.0950697,"8":0.7783648,"9":0.1265655},{"7":0.03082698,"8":0.1867583,"9":0.7824147},{"7":0.03721463,"8":0.2354735,"9":0.7273118},{"7":0.03709739,"8":0.2388674,"9":0.7240352},{"7":0.04697394,"8":0.2023774,"9":0.7506486},{"7":0.03197598,"8":0.2246116,"9":0.7434123},{"7":0.02177321,"8":0.177985,"9":0.8002418},{"7":0.02833569,"8":0.1914202,"9":0.7802441},{"7":0.04474717,"8":0.2306203,"9":0.7246326},{"7":0.03398483,"8":0.2321683,"9":0.7338469},{"7":0.03156691,"8":0.2210169,"9":0.7474161},{"7":0.1078609,"8":0.8921391},{"0":0.04421055,"8":0.9557894},{"0":0.07666224,"7":0.9233378},{"0":0.09394246,"7":0.6918005,"8":0.214257},{"0":0.08629196,"7":0.5516867,"8":0.3620213},{"0":0.1666346,"2":0.003456175,"7":0.8299091},{"0":0.09546452,"7":0.8344092,"8":0.07012623},{"0":0.02468496,"8":0.975315},{"0":0.03462284,"8":0.9653772},{"7":0.1607739,"8":0.839226},{"7":0.1222404,"8":0.8777596},{"7":0.1756976,"8":0.8243024},{"2":0.03209388,"3":0.9679061},{"2":0.07598978,"3":0.9240102},{"2":0.03567951,"3":0.9643204},{"2":0.03128522,"3":0.9687147},{"2":0.07790893,"3":0.9220911},{"2":0.05141395,"3":0.9485859},{"2":0.06513965,"3":0.9348604},{"2":0.08507835,"3":0.9149217},{"2":0.120949,"3":0.879051},{"2":0.07000398,"3":0.929996},{"2":0.06771552,"3":0.9322845},{"2":0.07443189,"3":0.9255681},{"2":0.08007645,"3":0.9199236},{"2":0.08469218,"3":0.9153078},{"2":0.06542128,"3":0.9345787},{"2":0.05550521,"3":0.9444948},{"2":0.08824509,"3":0.9117549},{"2":0.08141815,"3":0.9185819},{"2":0.06709676,"3":0.9329032},{"2":0.06357038,"3":0.9364297},{"2":0.114108,"3":0.885892},{"2":0.08554965,"3":0.9144504},{"2":0.06021934,"3":0.9397806},{"2":0.09859162,"3":0.9014084},{"2":0.0681765,"3":0.9318234},{"2":0.07379198,"3":0.926208},{"2":0.07176023,"3":0.9282398},{"2":0.07002234,"3":0.9299777},{"2":0.07493108,"3":0.9250689},{"2":0.07867228,"3":0.9213277},{"2":0.0814386,"3":0.9185613},{"2":0.07295107,"3":0.927049},{"2":0.07165652,"3":0.9283435},{"2":0.07519423,"3":0.9248058},{"2":0.07765555,"3":0.9223444},{"2":0.07932221,"3":0.9206778},{"2":0.01650941,"3":0.9834906},{"7":0.1165118,"8":0.8834882},{"7":0.03992313,"8":0.2064988,"9":0.753578},{"7":0.03507035,"8":0.1906133,"9":0.7743163},{"7":0.02945345,"8":0.1992184,"9":0.771328},{"7":0.03858196,"8":0.2220871,"9":0.7393309},{"7":0.04399067,"8":0.2082585,"9":0.7477508},{"7":0.03824764,"8":0.2358908,"9":0.7258616},{"7":0.04698926,"8":0.2305204,"9":0.7224903},{"7":0.03638792,"8":0.2395981,"9":0.724014},{"7":0.02972817,"8":0.2116566,"9":0.7586151},{"7":0.03060573,"8":0.2149598,"9":0.7544344},{"7":0.0317319,"8":0.2205331,"9":0.7477349},{"7":0.03304696,"8":0.2367381,"9":0.7302149},{"7":0.03279447,"8":0.2318478,"9":0.7353577},{"7":0.05280792,"8":0.1349877,"9":0.8122043},{"7":0.1148323,"8":0.8851677},{"0":0.09222674,"7":0.8767808,"8":0.03099238},{"0":0.1209626,"4":0.000201227,"7":0.8788362},{"7":0.1138277,"8":0.8861723},{"0":0.07920539,"7":0.7032552,"8":0.2175394},{"0":0.08539623,"8":0.9146038},{"0":0.1171376,"2":0.03213107,"7":0.8507313},{"0":0.1013528,"8":0.8986472},{"7":0.1220407,"8":0.8779593},{"0":0.001297056,"7":0.1244761,"8":0.8579565,"12":0.01627027},{"7":0.1240724,"8":0.8759275},{"0":0.04831963,"7":0.5932886,"8":0.3583918},{"0":0.1463577,"7":0.8536422},{"0":0.09519439,"7":0.9044131,"8":0.000392462},{"0":0.06539857,"8":0.9346014},{"0":0.07186335,"8":0.9281367},{"7":0.1094095,"8":0.8905906},{"7":0.1149369,"8":0.8850631},{"0":0.004833459,"7":0.4925566,"8":0.3871012,"9":0.07143229,"12":0.04407638},{"0":0.000875332,"8":0.8788809,"9":0.07330918,"12":0.0469346},{"7":0.0435633,"8":0.2689036,"9":0.6875331},{"7":0.03857904,"8":0.2379789,"9":0.723442},{"7":0.037382,"8":0.2411791,"9":0.7214388},{"7":0.03899747,"8":0.2429249,"9":0.7180776},{"7":0.04652816,"8":0.2393324,"9":0.7141394},{"7":0.03093266,"8":0.207125,"9":0.7619423},{"7":0.02623575,"8":0.1874333,"9":0.7863309},{"7":0.02694344,"8":0.2131768,"9":0.7598798},{"7":0.02332854,"8":0.1814593,"9":0.7952121},{"7":0.03544276,"8":0.2111873,"9":0.7533699},{"7":0.03143316,"8":0.2329027,"9":0.735664},{"7":0.0305556,"8":0.2288572,"9":0.7405871},{"7":0.02915436,"8":0.210238,"9":0.7606076},{"7":0.0334987,"8":0.2500835,"9":0.7164178},{"7":0.0329917,"8":0.2299323,"9":0.7370759},{"7":0.03205507,"8":0.2414742,"9":0.7264707},{"7":0.0292837,"8":0.2113561,"9":0.7593601},{"7":0.0308147,"8":0.2229747,"9":0.7462106},{"7":0.02829885,"8":0.2121281,"9":0.759573},{"7":0.03152072,"8":0.2364342,"9":0.7320451},{"7":0.02971595,"8":0.222624,"9":0.7476601},{"7":0.0301544,"8":0.213554,"9":0.7562916},{"7":0.02797198,"8":0.2082098,"9":0.7638182},{"0":0.1353411,"7":0.864659},{"0":0.03483337,"8":0.9651666},{"0":0.01964676,"7":0.1065629,"8":0.8737903},{"7":0.119476,"8":0.8805239},{"7":0.08425158,"8":0.1991696,"9":0.7165787},{"0":0.08126652,"7":0.9187335},{"0":0.0526902,"7":0.3972244,"8":0.5500853},{"0":0.07671958,"7":0.3914638,"8":0.5318167},{"0":0.111047,"7":0.8889531},{"0":0.0714811,"8":0.9285189},{"7":0.1872669,"8":0.8127331},{"7":0.1771538,"8":0.8228462},{"7":0.2284988,"8":0.7715011},{"7":0.04161953,"8":0.1285824,"9":0.8297981},{"7":0.1199364,"8":0.8800635},{"7":0.09091556,"8":0.2033715,"9":0.7057129},{"0":0.08461433,"7":0.8648933,"8":0.05049222},{"0":0.07104063,"7":0.3511394,"8":0.57782},{"7":0.1294323,"8":0.8705677},{"7":0.02827078,"8":0.1309153,"9":0.8408139},{"7":0.2127087,"8":0.7872912},{"7":0.069269,"8":0.2143411,"9":0.7163899},{"7":0.04439073,"8":0.2908947,"9":0.6647146},{"0":0.007909476,"7":0.6930851,"8":0.2133316,"9":0.04763197,"12":0.03804159},{"0":0.02213227,"7":0.5892439,"8":0.2788538,"9":0.06070423,"12":0.04906558},{"0":0.1413666,"1":0.2497259,"2":0.01492905,"4":0.06149274,"7":0.5324856},{"7":0.03930926,"8":0.2185062,"9":0.7421845},{"7":0.03277224,"8":0.2237813,"9":0.7434464},{"7":0.04316824,"8":0.2244895,"9":0.7323422},{"7":0.03583592,"8":0.2498901,"9":0.7142738},{"7":0.02944308,"8":0.2201739,"9":0.750383},{"7":0.02626651,"8":0.211107,"9":0.7626265},{"7":0.032691,"8":0.2466039,"9":0.720705},{"7":0.02808475,"8":0.2074678,"9":0.7644474},{"7":0.03023076,"8":0.2130565,"9":0.7567127},{"7":0.03161907,"8":0.2379299,"9":0.7304511},{"7":0.0316109,"8":0.2314345,"9":0.7369545},{"7":0.1151654,"8":0.8848346},{"0":0.02263581,"7":0.1373991,"8":0.8399651},{"0":0.1488055,"7":0.8511945},{"0":0.07465416,"8":0.9253458},{"7":0.05451357,"8":0.1351671,"9":0.8103193},{"7":0.1217979,"8":0.8782021},{"7":0.1444665,"8":0.8555335},{"7":0.1394194,"8":0.8605806},{"0":0.0786736,"7":0.9213263},{"0":0.05473554,"7":0.5076367,"8":0.4376277},{"0":0.0594536,"7":0.6732456,"8":0.2673009},{"0":0.05080461,"1":0.3230328,"2":0.03234267,"4":0.02020734,"7":0.5736125},{"0":0.0927968,"2":0.009221851,"4":0.004906833,"7":0.8930745},{"0":0.08220529,"2":0.01421511,"7":0.9035795},{"0":0.03596907,"7":0.1303659,"8":0.833665},{"0":0.02086776,"7":0.1525789,"8":0.8265533},{"0":0.04784542,"8":0.9521546},{"0":0.02116346,"8":0.9788365},{"7":0.1227242,"8":0.8772759},{"7":0.1084317,"8":0.8915683},{"7":0.1915303,"8":0.8084697},{"7":0.110566,"8":0.8490232,"9":0.004770874,"12":0.03563982},{"7":0.1643908,"8":0.8356092},{"0":0.04844373,"1":0.3039466,"2":0.03951197,"7":0.6080975},{"0":0.186841,"2":0.04836732,"7":0.7647916},{"0":0.1312092,"2":0.001185119,"4":0.00365585,"7":0.8639497},{"0":0.1291372,"1":0.7508381,"2":0.02475064,"4":0.09527409},{"0":0.05951601,"1":0.4632548,"2":0.04490029,"3":0.01403868,"4":0.0424388,"7":0.3758513},{"4":0.03082698,"5":0.1867583,"6":0.7824147},{"4":0.03721463,"5":0.2354735,"6":0.7273118},{"4":0.04652816,"5":0.2393324,"6":0.7141394},{"4":0.04697394,"5":0.2023774,"6":0.7506486},{"4":0.02623575,"5":0.1874333,"6":0.7863309},{"4":0.02177321,"5":0.177985,"6":0.8002418},{"4":0.02833569,"5":0.1914202,"6":0.7802441},{"4":0.02332854,"5":0.1814593,"6":0.7952121},{"4":0.04474717,"5":0.2306203,"6":0.7246326},{"4":0.0329917,"5":0.2299323,"6":0.7370759},{"4":0.03398483,"5":0.2321683,"6":0.7338469},{"4":0.0292837,"5":0.2113561,"6":0.7593601},{"4":0.0308147,"5":0.2229747,"6":0.7462106},{"4":0.03156691,"5":0.2210169,"6":0.7474161},{"4":0.0301544,"5":0.213554,"6":0.7562916},{"0":0.04421055,"5":0.9557894},{"0":0.07666224,"4":0.9233378},{"0":0.09394246,"4":0.6918005,"5":0.214257},{"0":0.08629196,"4":0.5516867,"5":0.3620213},{"0":0.1666346,"2":0.003456175,"4":0.8299091},{"0":0.09546452,"4":0.8344092,"5":0.07012623},{"0":0.03462284,"5":0.9653772},{"4":0.1771538,"5":0.8228462},{"4":0.1222404,"5":0.8777596},{"4":0.1756976,"5":0.8243024},{"4":0.02827078,"5":0.1309153,"6":0.8408139},{"4":0.069269,"5":0.2143411,"6":0.7163899},{"4":0.03507035,"5":0.1906133,"6":0.7743163},{"4":0.02945345,"5":0.1992184,"6":0.771328},{"4":0.03858196,"5":0.2220871,"6":0.7393309},{"4":0.04399067,"5":0.2082585,"6":0.7477508},{"4":0.03824764,"5":0.2358908,"6":0.7258616},{"4":0.04698926,"5":0.2305204,"6":0.7224903},{"4":0.03583592,"5":0.2498901,"6":0.7142738},{"4":0.03023076,"5":0.2130565,"6":0.7567127},{"4":0.03304696,"5":0.2367381,"6":0.7302149},{"4":0.0316109,"5":0.2314345,"6":0.7369545},{"4":0.03279447,"5":0.2318478,"6":0.7353577},{"4":0.05280792,"5":0.1349877,"6":0.8122043},{"4":0.1148323,"5":0.8851677},{"0":0.1488055,"4":0.8511945},{"4":0.05451357,"5":0.1351671,"6":0.8103193},{"0":0.1202159,"1":0.01668357,"2":0.08845394,"3":0.005055546,"4":0.7695909},{"0":0.0594536,"4":0.6732456,"5":0.2673009},{"0":0.07920539,"4":0.7032552,"5":0.2175394},{"0":0.08539623,"5":0.9146038},{"0":0.1171376,"2":0.03213107,"4":0.8507313},{"0":0.186841,"2":0.04836732,"4":0.7647916},{"0":0.02116346,"5":0.9788365},{"0":0.1013528,"5":0.8986472},{"4":0.1220407,"5":0.8779593},{"0":0.001297056,"4":0.1244761,"5":0.8579565,"10":0.01627027},{"4":0.110566,"5":0.8490232,"6":0.004770874,"10":0.03563982},{"0":0.1202159,"1":0.01668357,"2":0.08845394,"3":0.005055546,"7":0.7695909},{"0":0.04831963,"4":0.5932886,"5":0.3583918},{"0":0.1463577,"4":0.8536422},{"0":0.09519439,"4":0.9044131,"5":0.000392462},{"0":0.06539857,"5":0.9346014},{"0":0.07186335,"5":0.9281367},{"4":0.1094095,"5":0.8905906},{"4":0.0950697,"5":0.7783648,"6":0.1265655},{"4":0.1149369,"5":0.8850631},{"0":0.004833459,"4":0.4925566,"5":0.3871012,"6":0.07143229,"10":0.04407638},{"0":0.000875332,"5":0.8788809,"6":0.07330918,"10":0.0469346},{"0":0.1312092,"2":0.001185119,"4":0.8639497,"7":0.00365585},{"4":0.0435633,"5":0.2689036,"6":0.6875331},{"4":0.03857904,"5":0.2379789,"6":0.723442},{"4":0.037382,"5":0.2411791,"6":0.7214388},{"4":0.03899747,"5":0.2429249,"6":0.7180776},{"4":0.03709739,"5":0.2388674,"6":0.7240352},{"4":0.03197598,"5":0.2246116,"6":0.7434123},{"4":0.03093266,"5":0.207125,"6":0.7619423},{"4":0.02694344,"5":0.2131768,"6":0.7598798},{"4":0.03544276,"5":0.2111873,"6":0.7533699},{"4":0.03143316,"5":0.2329027,"6":0.735664},{"4":0.0305556,"5":0.2288572,"6":0.7405871},{"4":0.02915436,"5":0.210238,"6":0.7606076},{"4":0.0334987,"5":0.2500835,"6":0.7164178},{"4":0.03205507,"5":0.2414742,"6":0.7264707},{"4":0.02829885,"5":0.2121281,"6":0.759573},{"4":0.03152072,"5":0.2364342,"6":0.7320451},{"4":0.02971595,"5":0.222624,"6":0.7476601},{"4":0.02797198,"5":0.2082098,"6":0.7638182},{"0":0.1353411,"4":0.864659},{"0":0.03483337,"5":0.9651666},{"0":0.01964676,"4":0.1065629,"5":0.8737903},{"0":0.06821131,"1":0.5451803,"2":0.0865494,"3":0.01901018,"4":0.2571778,"7":0.023871},{"0":0.1291372,"1":0.7508381,"2":0.02475064,"7":0.09527409},{"4":0.1078609,"5":0.8921391},{"4":0.119476,"5":0.8805239},{"4":0.08425158,"5":0.1991696,"6":0.7165787},{"0":0.08126652,"4":0.9187335},{"0":0.0526902,"4":0.3972244,"5":0.5500853},{"0":0.07671958,"4":0.3914638,"5":0.5318167},{"0":0.111047,"4":0.8889531},{"0":0.0714811,"5":0.9285189},{"0":0.02468496,"5":0.975315},{"4":0.1872669,"5":0.8127331},{"4":0.1607739,"5":0.839226},{"4":0.2284988,"5":0.7715011},{"4":0.04161953,"5":0.1285824,"6":0.8297981},{"4":0.1199364,"5":0.8800635},{"4":0.09091556,"5":0.2033715,"6":0.7057129},{"0":0.08461433,"4":0.8648933,"5":0.05049222},{"0":0.07104063,"4":0.3511394,"5":0.57782},{"4":0.1294323,"5":0.8705677},{"4":0.1165118,"5":0.8834882},{"4":0.2127087,"5":0.7872912},{"4":0.04439073,"5":0.2908947,"6":0.6647146},{"0":0.007909476,"4":0.6930851,"5":0.2133316,"6":0.04763197,"10":0.03804159},{"0":0.02213227,"4":0.5892439,"5":0.2788538,"6":0.06070423,"10":0.04906558},{"0":0.1413666,"1":0.2497259,"2":0.01492905,"4":0.5324856,"7":0.06149274},{"4":0.03992313,"5":0.2064988,"6":0.753578},{"4":0.03930926,"5":0.2185062,"6":0.7421845},{"4":0.03277224,"5":0.2237813,"6":0.7434464},{"4":0.04316824,"5":0.2244895,"6":0.7323422},{"4":0.03638792,"5":0.2395981,"6":0.724014},{"4":0.02944308,"5":0.2201739,"6":0.750383},{"4":0.02626651,"5":0.211107,"6":0.7626265},{"4":0.032691,"5":0.2466039,"6":0.720705},{"4":0.02808475,"5":0.2074678,"6":0.7644474},{"4":0.02972817,"5":0.2116566,"6":0.7586151},{"4":0.03060573,"5":0.2149598,"6":0.7544344},{"4":0.0317319,"5":0.2205331,"6":0.7477349},{"4":0.03161907,"5":0.2379299,"6":0.7304511},{"4":0.1151654,"5":0.8848346},{"0":0.09222674,"4":0.8767808,"5":0.03099238},{"0":0.02263581,"4":0.1373991,"5":0.8399651},{"0":0.1209626,"4":0.8788362,"7":0.000201227},{"0":0.07465416,"5":0.9253458},{"4":0.1217979,"5":0.8782021},{"4":0.1444665,"5":0.8555335},{"4":0.1394194,"5":0.8605806},{"4":0.1138277,"5":0.8861723},{"0":0.0786736,"4":0.9213263},{"0":0.05473554,"4":0.5076367,"5":0.4376277},{"0":0.04844373,"1":0.3039466,"2":0.03951197,"4":0.6080975},{"0":0.0927968,"2":0.009221851,"4":0.8930745,"7":0.004906833},{"0":0.08220529,"2":0.01421511,"4":0.9035795},{"0":0.03596907,"4":0.1303659,"5":0.833665},{"0":0.02086776,"4":0.1525789,"5":0.8265533},{"0":0.04784542,"5":0.9521546},{"4":0.1227242,"5":0.8772759},{"4":0.1240724,"5":0.8759275},{"4":0.1084317,"5":0.8915683},{"4":0.1915303,"5":0.8084697},{"4":0.1643908,"5":0.8356092},{"0":0.09159642,"1":0.09182447,"2":0.01215779,"4":0.04429507,"7":0.7601261},{"0":0.1398761,"1":0.6334513,"2":0.1782529,"3":0.04297149,"4":0.005448102},{"0":1},{"0":0.09741562,"1":0.6534107,"2":0.1940961,"3":0.05507755},{"0":0.1744934,"1":0.7100057,"2":0.08213084,"3":0.03337001},{"0":0.2058717,"1":0.4613778,"2":0.05145764,"3":0.007494986,"7":0.2116084,"10":0.06218934},{"0":0.1978738,"2":0.6001696,"3":0.1612894,"7":0.04066711},{"0":0.2653295,"2":0.3702501,"3":0.1808329,"7":0.1835873},{"0":0.2083535,"2":0.5686814,"3":0.148694,"7":0.07427096},{"0":0.1006492,"1":0.4414364,"2":0.3701855,"3":0.08151274,"7":0.006215989},{"0":0.8439785,"7":0.1560215},{"0":0.8762583,"7":0.1237418},{"0":1},{"0":0.605575,"1":0.394425},{"0":0.1372981,"1":0.5725376,"2":0.1161214,"3":0.06034803,"7":0.1136949},{"0":0.1398761,"1":0.6334513,"2":0.1782529,"3":0.04297149,"7":0.005448102},{"0":0.1640374,"1":0.7801399,"2":0.05582267},{"0":0.1195939,"1":0.7272099,"2":0.02889412,"3":0.001226723,"7":0.1230753},{"0":0.1262712,"1":0.8644405,"7":0.009288191},{"0":0.8677929,"2":0.132207},{"0":0.1053189,"1":0.6452857,"2":0.1964815,"3":0.05291384},{"0":0.2153464,"1":0.07665139,"2":0.5161808,"3":0.1273369,"7":0.06448435},{"0":0.7980735,"10":0.2019265},{"0":0.09159642,"1":0.09182447,"2":0.01215779,"4":0.7601261,"7":0.04429507},{"0":0.1196137,"1":0.2121057,"2":0.5787394,"3":0.08576369,"7":0.003777384},{"0":0.17206,"4":0.02721136,"10":0.8007286},{"0":0.1557935,"10":0.8442065},{"0":0.2105923,"4":0.02806854,"10":0.7613392},{"0":0.5114738,"10":0.4885262},{"0":0.5889264,"10":0.4110736},{"0":0.1896005,"10":0.8103994},{"0":0.2052122,"10":0.7947877},{"3":1},{"3":1},{"3":1},{"3":1},{"3":1},{"3":1},{"3":1},{"3":1},{"3":1},{"3":1},{"3":1},{"3":1},{"3":1},{"3":1},{"3":1},{"3":1},{"3":1},{"1":0.0000169346,"3":0.9999831},{"3":1},{"3":1},{"3":1},{"3":1},{"3":1},{"3":1},{"3":1},{"3":1},{"3":1},{"3":1},{"1":0.000285368,"3":0.9997146},{"3":1},{"3":1},{"3":1},{"3":1},{"3":1},{"3":1},{"3":1},{"3":1},{"3":1},{"3":1},{"3":1},{"3":1},{"0":0.6232186,"5":0.1163125,"10":0.2604688},{"0":0.8695927,"2":0.1304073},{"0":0.7557945,"5":0.1336447,"7":0.1105608},{"0":0.3225057,"2":0.2612914,"3":0.1472736,"7":0.2689293},{"0":0.0906533,"10":0.9093467},{"0":0.1227076,"10":0.8772923},{"0":1},{"0":0.09169495,"10":0.9083051},{"0":1},{"0":1},{"10":0.01783508,"11":0.9272837,"14":0.05488121},{"10":0.00727421,"11":0.9769525,"14":0.01577329},{"10":0.07166713,"11":0.81944,"14":0.1088928},{"10":0.03918617,"11":0.8803668,"14":0.08044695},{"10":0.03662258,"11":0.9169527,"14":0.04642468},{"10":0.058869,"11":0.8529083,"14":0.08822256},{"10":0.5196259,"11":0.4803742},{"10":1},{"0":0.01986783,"10":0.9801321},{"10":0.5068702,"11":0.4931299},{"10":0.9937782,"11":0.006221711},{"10":0.7639454,"11":0.2360545},{"10":0.7392916,"11":0.2607085},{"10":0.8784954,"11":0.1215046},{"10":0.9863826,"11":0.01361739},{"10":0.6891124,"11":0.3108876},{"10":1},{"10":1},{"10":1},{"0":0.04685825,"10":0.9531417},{"10":1},{"0":0.01326322,"10":0.9867368},{"10":0.999874,"11":0.000125955},{"10":1},{"10":0.009974777,"11":0.8368519,"14":0.1531733},{"11":0.92614,"14":0.07385998},{"10":0.06191062,"11":0.7339589,"14":0.2041304},{"10":0.02828389,"11":0.7890957,"14":0.1826204},{"10":0.008077561,"11":0.9025739,"14":0.08934849},{"10":0.05120098,"11":0.7770231,"14":0.1717758},{"11":0.07615429,"14":0.7982193,"15":0.1256264},{"11":0.05850571,"14":0.9414942},{"11":0.1226842,"14":0.8773157},{"11":0.08562493,"14":0.914375},{"14":0.1875815,"15":0.8124185},{"14":0.3958984,"15":0.6041015},{"14":0.05205214,"15":0.9479479},{"14":0.01160234,"15":0.9883977},{"14":0.02353048,"15":0.9764695},{"15":1},{"14":0.135184,"15":0.864816},{"14":0.09902817,"15":0.9009718},{"11":0.06052649,"14":0.8237956,"15":0.1156777},{"11":0.04132932,"14":0.8423391,"15":0.1163316},{"11":0.1337286,"14":0.7945037,"15":0.07176762},{"11":0.07886016,"14":0.8391633,"15":0.08197647},{"11":0.2387449,"14":0.7045156,"15":0.05673933},{"11":0.1143786,"14":0.8145136,"15":0.07110756},{"11":0.2628054,"14":0.7371946},{"11":0.2403852,"14":0.7585943,"15":0.00102055},{"11":0.3549984,"14":0.6450015},{"11":0.4582783,"14":0.5417217},{"11":0.3789252,"14":0.6210747},{"11":0.3742539,"14":0.6257461},{"0":0.275816,"2":0.3510243,"3":0.1746321,"7":0.1985275},{"0":0.2070268,"1":0.006523013,"2":0.568667,"3":0.1419662,"7":0.07581675},{"0":0.1722955,"1":0.7210064,"2":0.07907789,"3":0.02762007},{"0":0.2169562,"2":0.5624344,"3":0.1360626,"7":0.08454656},{"0":1},{"0":0.4760362,"10":0.5239639},{"0":0.2745918,"2":0.3775471,"3":0.154412,"7":0.193449},{"0":0.8289449,"7":0.004978537,"10":0.1660765},{"0":0.9250627,"10":0.07493728},{"10":1},{"10":1},{"10":0.9997342,"11":0.000265752},{"10":0.9847453,"11":0.01525479},{"10":1},{"10":1},{"0":0.9124198,"2":0.0875802},{"0":0.6828876,"10":0.3171123},{"0":0.778967,"10":0.221033},{"0":0.2985208,"10":0.7014792},{"0":0.05951601,"1":0.4632548,"2":0.04490029,"3":0.01403868,"4":0.3758513,"7":0.0424388},{"0":0.4237468,"10":0.5762533},{"0":0.05080461,"1":0.3230328,"2":0.03234267,"4":0.5736125,"7":0.02020734},{"0":0.161162,"10":0.8388379},{"0":0.6868088,"10":0.3131912},{"0":0.1764666,"10":0.8235334},{"0":0.09485822,"1":0.6464543,"2":0.168026,"3":0.09066134},{"0":0.4754703,"2":0.1204745,"3":0.05116897,"5":0.11398,"8":0.11398,"10":0.0624631,"12":0.0624631},{"0":1},{"0":0.09741562,"1":0.6534107,"2":0.1940961,"3":0.05507755},{"0":0.1744934,"1":0.7100057,"2":0.08213084,"3":0.03337001},{"0":0.2058717,"1":0.4613778,"2":0.05145764,"3":0.007494986,"4":0.2116084,"12":0.06218934},{"0":0.3481111,"2":0.341951,"3":0.3099378},{"0":0.1978738,"2":0.6001696,"3":0.1612894,"4":0.04066711},{"0":0.2653295,"2":0.3702501,"3":0.1808329,"4":0.1835873},{"0":0.2083535,"2":0.5686814,"3":0.148694,"4":0.07427096},{"0":0.1006492,"1":0.4414364,"2":0.3701855,"3":0.08151274,"4":0.006215989},{"0":0.8439785,"4":0.1560215},{"0":0.8762583,"4":0.1237418},{"0":1},{"0":0.605575,"1":0.394425},{"0":0.1372981,"1":0.5725376,"2":0.1161214,"3":0.06034803,"4":0.1136949},{"0":0.06821131,"1":0.5451803,"2":0.0865494,"3":0.01901018,"4":0.023871,"7":0.2571778},{"0":0.1640374,"1":0.7801399,"2":0.05582267},{"0":0.1195939,"1":0.7272099,"2":0.02889412,"3":0.001226723,"4":0.1230753},{"0":0.1262712,"1":0.8644405,"4":0.009288191},{"0":0.8677929,"2":0.132207},{"0":0.1053189,"1":0.6452857,"2":0.1964815,"3":0.05291384},{"0":0.2153464,"1":0.07665139,"2":0.5161808,"3":0.1273369,"4":0.06448435},{"0":0.7980735,"12":0.2019265},{"0":0.1196137,"1":0.2121057,"2":0.5787394,"3":0.08576369,"4":0.003777384},{"0":0.17206,"7":0.02721136,"12":0.8007286},{"0":0.1557935,"12":0.8442065},{"0":0.2105923,"7":0.02806854,"12":0.7613392},{"0":0.5114738,"12":0.4885262},{"0":0.5889264,"12":0.4110736},{"0":0.1896005,"12":0.8103994},{"0":0.2052122,"12":0.7947877},{"0":0.4990597,"2":0.3428221,"3":0.158118},{"0":0.8064951,"2":0.1889221,"3":0.004582762},{"0":1},{"3":1},{"3":1},{"3":1},{"3":1},{"3":1},{"3":1},{"3":1},{"3":1},{"3":1},{"3":1},{"3":1},{"3":1},{"3":1},{"3":1},{"3":1},{"3":1},{"3":1},{"3":1},{"3":1},{"1":0.0000169346,"3":0.9999831},{"3":1},{"3":1},{"3":1},{"3":1},{"3":1},{"3":1},{"3":1},{"3":1},{"3":1},{"3":1},{"3":1},{"3":1},{"3":1},{"1":0.000285368,"3":0.9997146},{"1":0.07649612,"3":0.9235038},{"3":1},{"3":1},{"3":1},{"3":1},{"3":1},{"3":1},{"3":1},{"3":1},{"3":1},{"3":1},{"3":1},{"3":1},{"3":1},{"3":1},{"3":1},{"1":0.0371955,"3":0.9628044},{"3":1},{"3":1},{"3":1},{"3":1},{"3":1},{"3":1},{"0":0.6232186,"8":0.1163125,"12":0.2604688},{"0":0.6955492,"4":0.03335165,"5":0.0283131,"7":0.03335165,"8":0.0283131,"10":0.09056061,"12":0.09056061},{"0":0.8695927,"2":0.1304073},{"0":0.8431184,"2":0.1494742,"3":0.007407307},{"0":0.970359,"1":0.02964097},{"0":0.5877501,"4":0.1764196,"5":0.02970528,"7":0.1764196,"8":0.02970528},{"0":0.3429154,"2":0.3674878,"3":0.2895969},{"0":0.4003254,"2":0.3106405,"3":0.289034},{"0":0.5166532,"1":0.05895191,"2":0.2764086,"3":0.1479863},{"0":0.7557945,"4":0.1105608,"8":0.1336447},{"0":0.3225057,"2":0.2612914,"3":0.1472736,"4":0.2689293},{"0":1},{"0":0.0906533,"12":0.9093467},{"0":0.1227076,"12":0.8772923},{"0":1},{"0":0.09169495,"12":0.9083051},{"0":1},{"0":0.9934029,"4":0.003298521,"7":0.003298521},{"0":1},{"0":1},{"12":0.01783508,"13":0.9272837,"16":0.05488121},{"12":0.00727421,"13":0.9769525,"16":0.01577329},{"12":0.07166713,"13":0.81944,"16":0.1088928},{"12":0.03918617,"13":0.8803668,"16":0.08044695},{"12":0.03662258,"13":0.9169527,"16":0.04642468},{"12":0.058869,"13":0.8529083,"16":0.08822256},{"12":0.5196259,"13":0.4803742},{"12":1},{"0":0.01986783,"12":0.9801321},{"12":0.5068702,"13":0.4931299},{"12":0.9937782,"13":0.006221711},{"12":0.7639454,"13":0.2360545},{"12":0.7392916,"13":0.2607085},{"12":0.8784954,"13":0.1215046},{"12":0.9863826,"13":0.01361739},{"12":0.6891124,"13":0.3108876},{"12":1},{"12":1},{"12":1},{"0":0.04685825,"12":0.9531417},{"12":1},{"0":0.01326322,"12":0.9867368},{"12":0.999874,"13":0.000125955},{"12":1},{"12":0.009974777,"13":0.8368519,"16":0.1531733},{"13":0.92614,"16":0.07385998},{"12":0.06191062,"13":0.7339589,"16":0.2041304},{"12":0.02828389,"13":0.7890957,"16":0.1826204},{"12":0.008077561,"13":0.9025739,"16":0.08934849},{"12":0.05120098,"13":0.7770231,"16":0.1717758},{"13":0.07615429,"16":0.7982193,"17":0.1256264},{"13":0.05850571,"16":0.9414942},{"13":0.1226842,"16":0.8773157},{"13":0.08562493,"16":0.914375},{"16":0.1875815,"17":0.8124185},{"16":0.3958984,"17":0.6041015},{"16":0.05205214,"17":0.9479479},{"16":0.01160234,"17":0.9883977},{"16":0.02353048,"17":0.9764695},{"17":1},{"16":0.135184,"17":0.864816},{"16":0.09902817,"17":0.9009718},{"13":0.06052649,"16":0.8237956,"17":0.1156777},{"13":0.04132932,"16":0.8423391,"17":0.1163316},{"13":0.1337286,"16":0.7945037,"17":0.07176762},{"13":0.07886016,"16":0.8391633,"17":0.08197647},{"13":0.2387449,"16":0.7045156,"17":0.05673933},{"13":0.1143786,"16":0.8145136,"17":0.07110756},{"13":0.2628054,"16":0.7371946},{"13":0.2403852,"16":0.7585943,"17":0.00102055},{"13":0.3549984,"16":0.6450015},{"13":0.4582783,"16":0.5417217},{"13":0.3789252,"16":0.6210747},{"13":0.3742539,"16":0.6257461},{"0":0.2039508,"2":0.6003081,"3":0.195741},{"0":0.1111686,"1":0.4489084,"2":0.3173915,"3":0.1225313},{"0":0.275816,"2":0.3510243,"3":0.1746321,"4":0.1985275},{"0":0.2070268,"1":0.006523013,"2":0.568667,"3":0.1419662,"4":0.07581675},{"0":0.1722955,"1":0.7210064,"2":0.07907789,"3":0.02762007},{"0":0.2169562,"2":0.5624344,"3":0.1360626,"4":0.08454656},{"0":1},{"0":0.4760362,"12":0.5239639},{"0":0.2745918,"2":0.3775471,"3":0.154412,"4":0.193449},{"0":0.8289449,"4":0.004978537,"12":0.1660765},{"0":0.9250627,"12":0.07493728},{"12":1},{"12":1},{"12":0.9997342,"13":0.000265752},{"12":0.9847453,"13":0.01525479},{"12":1},{"12":1},{"0":0.9124198,"2":0.0875802},{"0":0.6828876,"12":0.3171123},{"0":0.778967,"12":0.221033},{"0":0.2985208,"12":0.7014792},{"0":0.4237468,"12":0.5762533},{"0":0.161162,"12":0.8388379},{"0":0.6868088,"12":0.3131912},{"0":0.1764666,"12":0.8235334},{"0":1},{"0":1},{"0":0.2761732,"10":0.3619133,"12":0.3619133}],"jointNamePositionIndex":{"Torso":0,"Chest":1,"Bone_002":2,"Head":3,"Upper_Arm_L":4,"Lower_Arm_L":5,"Hand_L":6,"Upper_Arm_R":7,"Lower_Arm_R":8,"Hand_R":9,"Upper_Leg_L":10,"Lower_Leg_L":11,"Upper_Leg_R":12,"Lower_Leg_R":13,"Foot_L":14,"Toe_L":15,"Foot_R":16,"Toe_R":17},"keyframes":{"0":[[0.885655,-0.464344,0,0,0.464344,0.885655,0,0,0,0,1,0,0,0,-6.242248,1],[0.885655,-0.464344,0,0,0.464344,0.885655,0,0,0,0,1,0,0,0,-6.242248,1],[0.885655,-0.464344,0,0,0.464344,0.885655,0,0,0,0,1,0,0,0,-6.242242,1],[0.885655,-0.451756,-0.107387,0,0.464344,0.861646,0.204821,0,0,-0.231266,0.972891,0,-0.000001,2.496477,-5.947235,1],[0.615581,-0.781568,-0.101054,0,0.543403,0.51383,-0.663847,0,0.570764,0.353739,0.74101,0,-5.313638,-2.877062,-3.210151,1],[-0.319698,-0.893463,0.315461,0,-0.055561,-0.314684,-0.94757,0,0.94589,-0.320464,0.050962,0,-5.168652,3.224709,1.150502,1],[-0.27966,-0.86999,0.406087,0,-0.653085,-0.137655,-0.744669,0,0.703755,-0.473464,-0.529681,0,-3.87467,4.044044,4.258486,1],[0.925191,-0.230555,0.301441,0,0.379383,0.54194,-0.749913,0,0.009533,0.808175,0.588866,0,0.002329,-7.489325,-1.395903,1],[0.495957,0.491451,-0.715894,0,-0.624583,-0.370856,-0.687285,0,-0.603261,0.787999,0.123023,0,4.109614,-4.688424,-0.775897,1],[0.633771,0.576848,-0.515347,0,0.167524,-0.752781,-0.636597,0,-0.755163,0.317124,-0.573727,0,5.598381,-1.489455,4.264918,1],[0.999493,0.031146,0.007751,0,-0.031543,0.910254,0.412815,0,0.005789,-0.41287,0.910778,0,-0.102075,1.809724,-5.78809,1],[0.999493,0.031146,0.007751,0,-0.031996,0.951324,0.30649,0,0.002162,-0.306597,0.95184,0,-0.089793,1.449433,-5.925322,1],[0.992749,0.026411,-0.117336,0,-0.082408,0.859807,-0.503899,0,0.087591,0.509942,0.855745,0,-0.349451,-2.342546,-5.52969,1],[0.992749,0.026411,-0.117336,0,-0.019721,0.998139,0.057577,0,0.118637,-0.054845,0.991422,0,-0.455527,-0.433556,-5.997921,1],[0.952452,-0.304249,-0.016378,0,0.30251,0.937854,0.170053,0,-0.036379,-0.166922,0.985299,0,-0.099729,1.621189,-5.899276,1],[0.95814,-0.286302,0,0,0.286302,0.95814,0,0,0,0,1,0,-0.125856,1.570302,-6.029015,1],[0.763153,-0.646214,0.002339,0,0.646215,0.763155,-0.000124,0,-0.001705,0.001605,0.999997,0,-0.720664,-1.018206,-5.885152,1],[0.760952,-0.648808,-0.000007,0,0.648808,0.760952,0.000001,0,0.000005,-0.000005,1,0,-0.72142,-1.021482,-5.887153,1]],"3":[[0.997975,0.013386,0.062176,0,-0.016312,0.998772,0.04679,0,-0.061473,-0.04771,0.996968,0,0.507045,0.28087,-5.564209,1],[0.999872,0.016006,0.000268,0,-0.015995,0.998215,0.057536,0,0.000654,-0.057533,0.998343,0,0.009826,0.359425,-5.573872,1],[0.999872,0.016006,0.000268,0,-0.015995,0.998215,0.057536,0,0.000653,-0.057533,0.998343,0,0.009826,0.359425,-5.573866,1],[0.999872,0.016006,0.000268,0,-0.015995,0.998215,0.057536,0,0.000654,-0.057533,0.998343,0,0.009827,0.359425,-5.573868,1],[0.960235,-0.190312,-0.204279,0,0.148471,0.96772,-0.203652,0,0.236442,0.165224,0.957495,0,-2.349086,-1.54788,-4.763044,1],[0.728061,-0.585963,-0.355773,0,0.495038,0.80842,-0.318424,0,0.474199,0.055711,0.878654,0,-3.724383,0.577122,-3.628931,1],[0.731592,-0.612074,-0.300232,0,0.488379,0.7778,-0.395619,0,0.475668,0.142804,0.867956,0,-3.748096,0.163928,-3.798825,1],[0.957069,0.133772,0.257145,0,-0.167082,0.979527,0.112293,0,-0.23686,-0.150437,0.959827,0,2.374678,1.44376,-4.877896,1],[0.744355,0.274012,0.608977,0,-0.524171,0.804755,0.278593,0,-0.41374,-0.52658,0.742653,0,3.333393,4.921838,-2.211866,1],[0.745869,0.378819,0.547883,0,-0.517573,0.847363,0.118721,0,-0.419282,-0.37212,0.828088,0,3.373076,4.435613,-2.982819,1],[0.998752,-0.034898,-0.035716,0,0.041498,0.977871,0.205044,0,0.02777,-0.206281,0.9781,0,0.016786,1.188449,-5.384569,1],[0.998752,-0.034898,-0.035716,0,0.03807,0.994988,0.092461,0,0.032311,-0.093709,0.995075,0,0.001478,0.807229,-5.440187,1],[0.996513,-0.082908,0.009404,0,0.054379,0.559872,-0.826767,0,0.06328,0.82445,0.562424,0,-0.178007,-4.527957,-3.191194,1],[0.996513,-0.082908,0.009404,0,0.083251,0.995448,-0.046396,0,-0.005514,0.047024,0.998879,0,0.054323,-1.904219,-4.680801,1],[0.988648,0.146397,0.033823,0,-0.123646,0.664795,0.736722,0,0.085368,-0.73254,0.67535,0,0.00375,1.317616,-5.375886,1],[0.992546,0.121869,0,0,-0.121869,0.992546,0,0,0,0,1,0,0.026097,1.341738,-5.920296,1],[0.996635,-0.080726,0.014255,0,0.07094,0.936471,0.343497,0,-0.041079,-0.341329,0.939046,0,0.090171,-1.531371,-4.722822,1],[0.992546,-0.117028,-0.03401,0,0.121869,0.953111,0.276998,0,-0.000001,-0.279078,0.960268,0,0.107913,-1.570709,-4.815179,1]],"5":[[0.971499,0.223909,0.077815,0,-0.213409,0.969054,-0.124058,0,-0.103185,0.103916,0.989219,0,0.607457,-0.611763,-5.823617,1],[0.971499,0.223909,0.077815,0,-0.219723,0.973786,-0.058844,0,-0.088951,0.040069,0.99523,0,0.492739,-0.100145,-5.863549,1],[0.971499,0.223909,0.077815,0,-0.219723,0.973786,-0.058844,0,-0.088951,0.040069,0.99523,0,0.492738,-0.100145,-5.863544,1],[0.989423,-0.012736,0.144499,0,0.052789,0.959448,-0.276899,0,-0.135113,0.281598,0.949972,0,0.994212,-2.707863,-5.377425,1],[0.95392,0.123517,-0.273458,0,-0.190556,0.953352,-0.23411,0,0.231784,0.275431,0.932959,0,-2.664972,-2.278809,-4.688898,1],[0.893731,0.099621,-0.437403,0,-0.169365,0.977803,-0.123358,0,0.415405,0.18433,0.890765,0,-3.945971,-1.502803,-3.930081,1],[0.893731,0.099621,-0.437403,0,-0.169365,0.977803,-0.123358,0,0.415405,0.184329,0.890765,0,-3.945971,-1.502803,-3.930079,1],[0.619416,0.784703,0.023768,0,-0.019805,0.045885,-0.99875,0,-0.784815,0.618172,0.043962,0,6.788672,-4.581248,3.93657,1],[0.687162,0.635453,-0.352148,0,0.027439,-0.50707,-0.861468,0,-0.725987,0.582306,-0.365876,0,6.5,-4.439188,5.977854,1],[0.687162,0.635453,-0.352149,0,0.307001,-0.693296,-0.65199,0,-0.658452,0.339913,-0.671492,0,6.090592,-2.97865,7.814509,1],[0.957513,0.22155,0.184619,0,0.070447,0.441074,-0.894678,0,-0.279657,0.869724,0.406714,0,1.563823,-4.74883,-2.698646,1],[0.957513,0.22155,0.184619,0,-0.260644,0.938793,0.225218,0,-0.123418,-0.26379,0.956657,0,1.040479,-0.921103,-4.577802,1],[0.998935,-0.043209,0.016345,0,0.046002,0.961834,-0.269731,0,-0.004067,0.270204,0.962795,0,0.076143,-1.752911,-5.725166,1],[0.998935,-0.043209,0.016344,0,0.037322,0.96347,0.265175,0,-0.027199,-0.264305,0.964061,0,0.154563,0.055833,-5.738124,1],[0.964012,0.265848,-0.00236,0,-0.265849,0.964015,-0.000213,0,0.002218,0.000833,0.999997,0,0.92106,-1.208993,-4.393939,1],[0.963095,0.26916,-0.000021,0,-0.26916,0.963095,-0.000002,0,0.00002,0.000008,1,0,0.920348,-1.212294,-4.395879,1],[0.991834,-0.097511,-0.082207,0,0.112493,0.972567,0.203615,0,0.060097,-0.2112,0.975594,0,0.048872,-0.043092,-5.819747,1],[1,0,0,0,0,1,0,0,0,0,1,0,0.000073,0.00038,-5.886681,1]],"0.4166666":[[0.2729,-0.962043,0,0,0.962043,0.2729,0,0,0,0,1,0,0,0,-6.03062,1],[0.2729,-0.962043,0,0,0.962043,0.2729,0,0,0,0,1,0,0,0,-6.030619,1],[0.2729,-0.962043,0,0,0.962043,0.2729,0,0,0,0,1,0,0,0,-6.030614,1],[0.28203,-0.953377,-0.107387,0,0.944628,0.256371,0.204821,0,-0.167741,-0.159206,0.97289,0,1.810741,1.718608,-5.735607,1],[-0.173067,-0.984534,-0.027218,0,0.375523,-0.040414,-0.925932,0,0.910511,-0.170468,0.376709,0,-8.091221,1.873476,0.633311,1],[-0.638625,-0.383188,0.667326,0,-0.658608,-0.176333,-0.731534,0,0.397988,-0.906683,-0.13976,0,-2.102424,5.968854,2.5386,1],[-0.55851,-0.396069,0.728831,0,-0.822421,0.378932,-0.424306,0,-0.108122,-0.836386,-0.537373,0,0.605569,5.594345,4.667397,1],[0.555006,-0.829775,0.058664,0,0.248242,0.097905,-0.963737,0,0.793943,0.549445,0.260322,0,-7.094555,-5.157443,1.843736,1],[0.302497,-0.021405,-0.95291,0,-0.933023,0.19772,-0.300625,0,0.194844,0.980025,0.039838,0,-2.473846,-6.208353,0.217729,1],[0.53262,-0.062576,-0.844039,0,-0.67052,-0.639732,-0.375694,0,-0.51645,0.766046,-0.382693,0,2.777372,-5.085971,3.221832,1],[0.695871,-0.71552,0.061718,0,0.291684,0.203035,-0.934689,0,0.656308,0.66844,0.349984,0,-3.907639,-3.854212,-2.488215,1],[0.695871,-0.71552,0.061718,0,0.342667,0.406301,0.847021,0,-0.631184,-0.568281,0.527925,0,0.448385,0.327538,-3.119244,1],[0.963242,-0.258893,0.072015,0,0.268012,0.905766,-0.328193,0,0.019743,0.335434,0.941857,0,0.544033,-1.244336,-5.6305,1],[0.963242,-0.258893,0.072015,0,0.268331,0.941286,-0.204774,0,-0.014772,0.216574,0.976154,0,0.660823,-0.842692,-5.748563,1],[0.957143,-0.289606,-0.002372,0,0.289606,0.957146,-0.000116,0,0.002303,-0.000576,0.999997,0,-0.348541,-0.711112,-3.275241,1],[0.95814,-0.286301,-0.000023,0,0.2863,0.95814,-0.000001,0,0.000023,-0.000006,1,0,-0.350924,-0.713563,-3.277252,1],[0.336873,-0.941547,0.002334,0,0.94155,0.336874,-0.000008,0,-0.000779,0.0022,0.999997,0,-0.079571,-1.092524,-5.885017,1],[0.333675,-0.942688,0.000015,0,0.942688,0.333675,0,0,-0.000005,0.000014,1,0,-0.08189,-1.094993,-5.88707,1]],"0.8333333":[[-0.731216,-0.682146,0,0,0.682146,-0.731216,0,0,0,0,1,0,0,0,-6.982947,1],[-0.731216,-0.682146,0,0,0.682146,-0.731216,0,0,0,0,1,0,0,0,-6.982946,1],[-0.731216,-0.682146,0,0,0.682146,-0.731216,0,0,0,0,1,0,0,0,-6.982941,1],[0.404811,-0.908073,-0.107387,0,0.90277,0.378225,0.204821,0,-0.145376,-0.179859,0.972891,0,1.572003,1.954411,-6.687934,1],[-0.78357,-0.620707,-0.027218,0,0.253762,-0.279742,-0.925932,0,0.567119,-0.732438,0.376709,0,-5.309064,6.9171,-0.319013,1],[-0.512894,-0.857436,-0.041743,0,0.658023,-0.361451,-0.660575,0,0.551313,-0.366273,0.749599,0,-6.208723,4.776739,-3.361591,1],[-0.553788,0.306161,0.774327,0,0.129843,-0.886819,0.443502,0,0.822472,0.346148,0.451357,0,-7.661468,-4.429824,-5.033487,1],[-0.905353,-0.424477,-0.012466,0,0.242027,-0.491646,-0.836484,0,0.348941,-0.760332,0.547848,0,-3.452318,7.728112,-2.107436,1],[-0.939225,-0.336347,-0.06876,0,0.330929,-0.833731,-0.442017,0,0.091344,-0.437909,0.894367,0,-1.569987,5.633959,-5.222803,1],[-0.991766,-0.115944,0.054391,0,-0.026622,-0.228782,-0.973113,0,0.12527,-0.966549,0.223811,0,-1.992642,9.741258,-0.660881,1],[0.829122,-0.548341,0.109265,0,0.308321,0.285372,-0.907434,0,0.46639,0.786076,0.405671,0,-3.895503,-4.461085,-3.787478,1],[0.829122,-0.548341,0.109265,0,0.538036,0.729377,-0.42245,0,0.151942,0.409065,0.899769,0,-2.835137,-3.192482,-5.467359,1],[0.874762,-0.484611,-0.001543,0,0.471011,0.849496,0.237585,0,-0.113823,-0.208554,0.971365,0,2.050865,1.214783,-6.842706,1],[0.874762,-0.484611,-0.001543,0,0.289977,0.520905,0.802814,0,-0.388238,-0.702726,0.596196,0,2.982416,2.892381,-5.582303,1],[0.386548,-0.787877,-0.479407,0,0.922269,0.330738,0.200081,0,0.000919,-0.519483,0.85448,0,-2.405716,-2.027484,-5.06745,1],[0.389716,-0.787954,-0.476707,0,0.920935,0.333444,0.201726,0,0.000004,-0.517632,0.855603,0,-2.409134,-2.026183,-5.069099,1],[0.336878,-0.913037,-0.229952,0,0.941548,0.326482,0.083047,0,-0.00075,-0.244487,0.969652,0,1.98379,2.14491,-5.939331,1],[0.333677,-0.913564,-0.232508,0,0.942687,0.32337,0.082296,0,0.000004,-0.246643,0.969106,0,1.981475,2.143034,-5.941933,1]],"1.25":[[0.559849,-0.820282,-0.117074,0,0.828595,0.554232,0.079103,0,0,-0.141293,0.989968,0,0,0.831802,-8.119838,1],[0.562925,-0.804379,0.189971,0,0.817749,0.575422,0.013295,0,-0.120008,0.147865,0.9817,0,0.959175,-1.479937,-8.061909,1],[0.562925,-0.804379,0.189971,0,0.817749,0.575422,0.013295,0,-0.120008,0.147865,0.981699,0,0.959174,-1.479936,-8.061904,1],[0.872263,-0.407196,0.270831,0,0.477506,0.828718,-0.291917,0,-0.105575,0.383952,0.917297,0,0.799482,-4.02586,-7.370095,1],[0.348035,-0.936948,-0.031621,0,0.89327,0.341669,-0.292115,0,0.2845,0.073422,0.95586,0,-2.785223,-0.447854,-7.353783,1],[0.137151,-0.981669,-0.132349,0,0.836617,0.186335,-0.515123,0,0.530341,-0.040076,0.846837,0,-4.067093,0.664828,-6.073169,1],[0.213062,-0.316436,-0.924377,0,0.768559,0.638439,-0.041406,0,0.60326,-0.701617,0.379227,0,-4.826445,1.824545,0.08803,1],[0.155973,-0.987697,-0.011343,0,-0.181684,-0.0174,-0.983202,0,0.97091,0.155415,-0.182163,0,-9.842977,-1.496097,3.668848,1],[-0.404613,-0.812779,-0.419141,0,0.56896,0.135088,-0.811194,0,0.715943,-0.566694,0.40778,0,-9.906344,4.634386,-2.287893,1],[-0.908894,-0.315116,-0.273155,0,0.115516,0.439138,-0.890962,0,0.400709,-0.841344,-0.36273,0,-10.139236,8.39031,2.967205,1],[0.766152,-0.604911,0.217024,0,0.149423,-0.160758,-0.975585,0,0.625082,0.779908,-0.03278,0,-3.545703,-4.332594,-2.780566,1],[0.766152,-0.604911,0.217024,0,0.63683,0.66915,-0.382978,0,0.086467,0.431641,0.897895,0,-1.730938,-3.167517,-5.939565,1],[0.469461,-0.033318,0.88233,0,0.334663,0.931433,-0.142869,0,-0.817094,0.362341,0.44842,0,4.400452,-1.239186,-4.27429,1],[0.469461,-0.033318,0.88233,0,-0.654266,0.65786,0.372953,0,-0.592926,-0.752396,0.287041,0,3.657905,2.537501,-3.736546,1],[0.992127,-0.125212,-0.002317,0,0.125212,0.99213,-0.000069,0,0.002307,-0.000221,0.999997,0,-1.720738,-3.279442,-5.938574,1],[0.992546,-0.121869,-0.000002,0,0.121869,0.992546,0,0,0.000002,0,1,0,-1.722626,-3.282202,-5.940585,1],[0.999989,-0.002932,0.003645,0,-0.001781,0.481841,0.876257,0,-0.004326,-0.876254,0.48183,0,3.418312,2.72324,-4.821283,1],[1,0,0,0,0,-0.683807,0.729664,0,0,-0.729663,-0.683807,0,3.418234,1.922956,-4.583621,1]],"1.666667":[[1,0,0,0,0,0.979138,0.203197,0,0,-0.203197,0.979138,0,-1.650699,-0.886181,-6.808652,1],[0.95273,-0.229372,0.199232,0,-0.015748,0.617598,0.786336,0,-0.303409,-0.752304,0.584792,0,0.775789,3.46351,-3.579235,1],[0.95273,-0.229372,0.199232,0,-0.015748,0.617598,0.786336,0,-0.303409,-0.752304,0.584792,0,0.775791,3.463505,-3.579231,1],[0.981515,-0.11026,-0.156434,0,0.076661,0.975434,-0.206521,0,0.175363,0.190711,0.965856,0,-4.391991,-6.713237,-7.704524,1],[0.96711,-0.214889,-0.136087,0,0.254031,0.788967,0.559463,0,-0.012856,-0.575633,0.817607,0,-2.25001,1.612234,-5.312575,1],[-0.727623,0.683207,-0.061593,0,0.117773,0.212874,0.969956,0,0.675792,0.698508,-0.235356,0,-2.576307,-10.786574,2.545811,1],[-0.370967,0.412769,0.831868,0,0.678329,-0.49135,0.546302,0,0.634235,0.76694,-0.097719,0,-3.842089,-10.045905,-2.059803,1],[0.332561,0.720469,0.608546,0,-0.044808,0.656616,-0.752892,0,-0.942018,0.223115,0.250647,0,6.265022,-4.914606,1.055831,1],[-0.507035,0.835139,0.21321,0,-0.749034,-0.304544,-0.588388,0,-0.426455,-0.458036,0.779962,0,0.092137,1.322685,-4.381695,1],[0.17698,0.983999,0.020622,0,-0.531394,0.11317,-0.839531,0,-0.828432,0.137623,0.542919,0,5.403981,-1.635899,-3.767876,1],[0.998657,0.04433,-0.026806,0,-0.047271,0.56818,-0.821514,0,-0.021187,0.821737,0.569518,0,-1.531257,-6.482921,-4.491979,1],[0.998657,