{"vertexJointWeights":[{"11":1},{"11":1},{"11":1},{"11":1},{"11":1},{"11":1},{"11":1},{"11":1},{"11":1},{"11":1},{"11":1},{"11":1},{"11":1},{"11":1},{"11":1},{"11":1},{"11":1},{"11":1},{"11":1},{"11":1},{"11":1},{"11":1},{"11":1},{"11":1},{"11":1},{"11":1},{"11":1},{"11":1},{"11":1},{"11":1},{"11":1},{"11":1},{"11":1},{"11":1},{"11":1},{"11":1},{"11":1},{"11":1},{"11":1},{"11":1},{"11":1},{"11":1},{"11":1},{"11":1},{"11":1},{"11":1},{"11":1},{"11":1},{"11":1},{"11":1},{"11":1},{"11":1},{"11":1},{"11":1},{"11":1},{"11":1},{"11":1},{"11":1},{"11":1},{"11":1},{"11":1},{"11":1},{"11":1},{"11":1},{"11":1},{"11":1},{"11":1},{"11":1},{"11":1},{"11":1},{"11":1},{"11":1},{"11":1},{"11":1},{"11":1},{"11":1},{"11":1},{"11":1},{"11":1},{"11":1},{"11":1},{"11":1},{"11":1},{"11":1},{"11":1},{"11":1},{"11":1},{"11":1},{"11":1},{"11":1},{"11":1},{"11":1},{"11":1},{"11":1},{"11":1},{"11":1},{"11":1},{"11":1},{"11":1},{"11":1},{"11":1},{"11":1},{"11":1},{"11":1},{"11":1},{"11":1},{"11":1},{"11":1},{"11":1},{"11":1},{"11":1},{"11":1},{"11":1},{"11":1},{"11":1},{"11":1},{"11":1},{"11":1},{"11":1},{"11":1},{"11":1},{"11":1},{"11":1},{"11":1},{"11":1},{"11":1},{"11":1},{"11":1},{"11":1},{"11":1},{"11":1},{"11":1},{"11":1},{"11":1},{"11":1},{"11":1},{"11":1},{"11":1},{"11":1},{"11":1},{"11":1},{"11":1},{"11":1},{"11":1},{"11":1},{"11":1},{"11":1},{"11":1},{"11":1},{"11":1},{"11":1},{"11":1},{"11":1},{"11":1},{"11":1},{"16":1},{"16":1},{"16":1},{"16":1},{"16":1},{"16":1},{"16":1},{"16":1},{"16":1},{"16":1},{"16":1},{"16":1},{"16":1},{"16":1},{"16":1},{"16":1},{"16":1},{"16":1},{"16":1},{"16":1},{"16":1},{"16":1},{"16":1},{"16":1},{"16":1},{"16":1},{"16":1},{"16":1},{"16":1},{"16":1},{"16":1},{"16":1},{"16":1},{"16":1},{"16":1},{"16":1},{"16":1},{"16":1},{"16":1},{"16":1},{"16":1},{"16":1},{"3":1},{"3":1},{"3":1},{"3":1},{"3":1},{"3":1},{"3":1},{"3":1},{"3":1},{"3":1},{"3":1},{"3":1},{"3":1},{"3":1},{"3":1},{"3":1},{"3":1},{"3":1},{"3":1},{"3":1},{"3":1},{"3":1},{"3":1},{"3":1},{"3":1},{"3":1},{"3":1},{"3":1},{"3":1},{"3":1},{"3":1},{"3":1},{"3":1},{"3":1},{"3":1},{"3":1},{"3":1},{"3":1},{"3":1},{"3":1},{"3":1},{"3":1},{"3":1},{"3":1},{"3":1},{"3":1},{"3":1},{"3":1},{"3":1},{"3":1},{"3":1},{"3":1},{"3":1},{"3":1},{"3":1},{"3":1},{"3":1},{"3":1},{"3":1},{"3":1},{"3":1},{"3":1},{"3":1},{"3":1},{"3":1},{"3":1},{"3":1},{"3":1},{"3":1},{"3":1},{"3":1},{"3":1},{"3":1},{"3":1},{"3":1},{"3":1},{"3":1},{"3":1},{"3":1},{"3":1},{"3":1},{"3":1},{"3":1},{"3":1},{"3":1},{"3":1},{"3":1},{"3":1},{"3":1},{"3":1},{"3":1},{"3":1},{"3":1},{"3":1},{"3":1},{"3":1},{"3":1},{"3":1},{"3":1},{"3":1},{"3":1},{"3":1},{"3":1},{"3":1},{"3":1},{"3":1},{"3":1},{"3":1},{"3":1},{"3":1},{"3":1},{"3":1},{"3":1},{"3":1},{"3":1},{"3":1},{"3":1},{"3":1},{"3":1},{"3":1},{"3":1},{"3":1},{"3":1},{"3":1},{"3":1},{"3":1},{"3":1},{"3":1},{"3":1},{"3":1},{"3":1},{"3":1},{"3":1},{"3":1},{"3":1},{"3":1},{"3":1},{"3":1},{"3":1},{"3":1},{"3":1},{"3":1},{"3":1},{"2":0.3156048,"3":0.6843952},{"2":0.6041197,"3":0.3283727,"4":0.06750762},{"2":0.08322054,"3":0.9167794},{"3":1},{"2":0.09217792,"3":0.9078221},{"2":0.1032037,"3":0.8967962},{"3":1},{"2":0.09389436,"3":0.9061056},{"3":1},{"2":0.09895652,"3":0.9010434},{"2":0.2864116,"3":0.7073901,"4":0.006198287},{"3":1},{"2":0.08504956,"3":0.9149504},{"2":0.1524758,"3":0.8475242},{"2":0.2357537,"3":0.7642462},{"3":1},{"2":0.190308,"3":0.809692},{"3":1},{"3":1},{"3":1},{"2":0.8332026,"3":0.1667974},{"2":0.03499424,"3":0.9650058},{"2":0.03129035,"3":0.9687097},{"2":0.03069263,"3":0.9693074},{"2":0.1031826,"3":0.8968174},{"3":1},{"2":0.02858269,"3":0.9714173},{"2":0.13875,"3":0.8612499},{"3":1},{"2":0.2336858,"3":0.7663141},{"3":1},{"2":0.03166484,"3":0.9683352},{"2":0.2866194,"3":0.7133807},{"3":1},{"2":0.03572726,"3":0.9642727},{"2":0.02864599,"3":0.971354},{"0":0.2421055,"1":0.03192973,"12":0.7259647},{"0":0.2610604,"1":0.006423294,"12":0.7325163},{"2":0.02994233,"4":0.9358863,"5":0.03417128},{"1":0.4081242,"2":0.2855204,"5":0.3063554},{"0":0.6446978,"1":0.1288696,"12":0.2264326},{"0":0.2976968,"1":0.6617186,"12":0.0405845},{"1":0.07837712,"4":0.6744054,"5":0.2472175},{"0":0.6876297,"1":0.1171091,"12":0.1952611},{"0":0.3557944,"1":0.6069083,"12":0.03729712},{"1":0.4654193,"5":0.5345808},{"0":0.2009729,"12":0.562999,"14":0.2360281},{"0":0.6600919,"12":0.2328171,"14":0.107091},{"1":0.1291892,"2":0.7587934,"3":0.09960067,"8":0.01241672},{"1":0.5215725,"2":0.4784274},{"0":0.761889,"1":0.05248302,"12":0.1856279},{"0":0.6484032,"1":0.3472815,"12":0.004315197},{"0":0.08461815,"1":0.9153819},{"1":0.9469586,"5":0.04352283,"8":0.009518563},{"0":0.2174278,"1":0.7816866,"12":0.000885491},{"0":0.6485138,"1":0.0574916,"12":0.2313067,"14":0.06268787},{"2":0.6695758,"3":0.1883178,"4":0.1421064},{"1":0.1575961,"2":0.7748491,"3":0.06755495},{"13":0.9625009,"17":0.03749901},{"13":0.9767357,"17":0.02326428},{"13":0.9704327,"17":0.0295673},{"12":1},{"12":1},{"12":1},{"12":1},{"12":0.7863946,"13":0.2136054},{"12":0.7502408,"13":0.2497593},{"12":0.9162367,"13":0.0837633},{"12":0.8424827,"13":0.1575173},{"12":1},{"0":0.05938446,"12":0.9406156},{"0":0.1592183,"12":0.8407817},{"12":1},{"0":0.0501818,"12":0.9498182},{"0":0.1970406,"12":0.772992,"14":0.02996736},{"0":0.645474,"12":0.3282148,"14":0.02631127},{"0":0.08840739,"12":0.9115926},{"12":0.0322799,"13":0.9677201},{"12":0.01300734,"13":0.9869927},{"13":1},{"13":1},{"13":1},{"13":1},{"13":1},{"13":1},{"12":0.9323101,"13":0.06768995},{"12":1},{"12":0.9803416,"13":0.01965838},{"12":0.9358121,"13":0.06418788},{"0":0.162897,"12":0.7696875,"14":0.06741547},{"0":0.3378732,"12":0.6395741,"14":0.02255266},{"1":0.1023797,"2":0.5274603,"4":0.3701599},{"1":0.1246587,"2":0.1271209,"4":0.7482204},{"0":0.7143909,"1":0.07706874,"12":0.2085403},{"0":0.433226,"1":0.5421001,"12":0.02467381},{"0":0.08314621,"1":0.89419,"5":0.02266383},{"1":0.7723827,"5":0.2276172},{"0":0.273897,"1":0.6974394,"12":0.02866351},{"0":0.6688303,"1":0.1151944,"12":0.2159752},{"13":0.9793646,"17":0.02063548},{"13":0.8596757,"17":0.1403243},{"12":1},{"12":1},{"12":0.8872555,"13":0.1127445},{"12":0.768341,"13":0.231659},{"0":0.05596721,"12":0.9440328},{"0":0.2146812,"12":0.7853189},{"12":0.1042363,"13":0.8957638},{"13":1},{"12":0.9449319,"13":0.05506819},{"12":0.9822413,"13":0.01775872},{"0":0.2033709,"1":0.01596385,"12":0.7806653},{"2":0.04533392,"4":0.8817281,"5":0.07293796},{"0":0.6412712,"1":0.1276935,"12":0.2310352},{"0":0.3303091,"1":0.6204985,"12":0.04919242},{"1":0.1195588,"2":0.7898873,"3":0.09055399},{"2":0.7560727,"3":0.1730411,"4":0.07088619},{"12":1},{"12":1},{"12":0.9042859,"13":0.09571415},{"12":0.7882904,"13":0.2117096},{"12":1},{"0":0.1431191,"12":0.8568809},{"0":0.8448986,"12":0.1551014},{"0":0.05110573,"12":0.9488942},{"13":1},{"12":0.01905506,"13":0.9809449},{"13":1},{"13":1},{"12":0.938939,"13":0.06106102},{"12":1},{"13":1},{"1":0.06000316,"2":0.2619739,"4":0.6780229},{"4":0.7274274,"5":0.2725726},{"1":0.05125904,"4":0.89497,"5":0.05377089},{"1":0.3988402,"2":0.1059258,"4":0.4632157,"8":0.03201824},{"1":0.8124714,"2":0.1875286},{"1":0.8451778,"2":0.1548222},{"1":0.298051,"4":0.5924597,"5":0.1094893},{"1":0.08162283,"4":0.5436046,"5":0.3747726},{"4":0.4822758,"5":0.5177242},{"4":0.5650742,"5":0.4349257},{"4":0.2046577,"5":0.7953423},{"1":0.05922162,"4":0.6387714,"5":0.302007},{"4":0.4970099,"5":0.50299},{"1":0.03268218,"4":0.355378,"5":0.6119398},{"4":0.1590107,"5":0.8409892},{"4":0.7822871,"5":0.2177128},{"5":0.5034606,"6":0.4965394},{"5":0.1593044,"6":0.8406956},{"5":0.1146467,"6":0.8853532},{"5":0.7741664,"6":0.2258336},{"5":0.07531154,"6":0.9246885},{"5":0.1813454,"6":0.8186546},{"6":1},{"6":0.9328631,"7":0.06713694},{"6":0.9084675,"7":0.09153246},{"6":0.9347186,"7":0.06528151},{"6":0.9393919,"7":0.06060808},{"13":0.4769905,"17":0.5230095},{"13":0.1887062,"17":0.7378222,"18":0.0734716},{"13":0.05322319,"17":0.880071,"18":0.06670582},{"18":1},{"13":0.08229833,"17":0.9177017},{"6":1},{"6":1},{"6":1},{"6":1},{"6":1},{"6":1},{"6":1},{"5":1},{"5":1},{"4":0.07442826,"5":0.9255717},{"4":0.02453875,"5":0.9754611},{"4":0.05201095,"5":0.9479889},{"5":1},{"5":1},{"5":1},{"7":1},{"13":0.1864194,"17":0.7691791,"18":0.04440146},{"7":1},{"13":0.0747652,"17":0.8584659,"18":0.06676876},{"7":1},{"18":1},{"7":1},{"13":0.5449867,"17":0.4550133},{"7":1},{"7":1},{"6":0.00691992,"7":0.9930801},{"6":0.001547574,"7":0.9984524},{"6":0.156581,"7":0.8434189},{"6":0.1799494,"7":0.8200507},{"6":0.2033163,"7":0.7966837},{"6":0.2742011,"7":0.7257989},{"7":1},{"7":1},{"7":1},{"7":1},{"6":0.1157275,"7":0.8842726},{"6":0.08008253,"7":0.9199175},{"6":0.09183835,"7":0.9081616},{"7":1},{"6":0.2205139,"7":0.7794861},{"7":1},{"7":1},{"6":0.1219648,"7":0.8780351},{"18":1},{"6":0.2954022,"7":0.7045978},{"6":0.2209862,"7":0.7790138},{"6":0.2615176,"7":0.7384824},{"13":0.5037032,"17":0.4962968},{"13":0.04657918,"17":0.8938356,"18":0.05958515},{"13":0.4107999,"17":0.5892},{"13":0.1774069,"17":0.8225931},{"13":0.03535157,"17":0.7503149,"18":0.2143335},{"17":0.2421525,"18":0.7578475},{"13":0.1755943,"17":0.8244056},{"13":0.1020181,"17":0.897982},{"17":0.2067302,"18":0.7932698},{"13":0.01715481,"17":0.6761258,"18":0.3067194},{"13":0.245707,"17":0.7542929},{"13":0.1229475,"17":0.8770525},{"17":0.8742294,"18":0.1257706},{"17":0.03262943,"18":0.9673705},{"13":0.1142904,"17":0.8819792,"18":0.003730356},{"17":0.05218005,"18":0.9478199},{"13":0.07336759,"17":0.9130833,"18":0.01354902},{"13":0.08204668,"17":0.9070577,"18":0.0108956},{"18":1},{"18":1},{"5":1},{"5":0.8667104,"6":0.1332896},{"5":0.9085517,"6":0.0914483},{"5":0.9785146,"6":0.02148544},{"5":0.8995411,"6":0.1004589},{"5":0.9256819,"6":0.07431805},{"5":0.8909345,"6":0.1090655},{"5":0.8011778,"6":0.1988222},{"5":0.03017365,"6":0.9698264},{"5":0.02713286,"6":0.9728671},{"6":1},{"6":1},{"6":1},{"5":0.0681023,"6":0.9318976},{"5":0.04047149,"6":0.9595285},{"6":1},{"12":0.1991244,"13":0.8008756},{"12":0.08628535,"13":0.9137147},{"12":0.1831225,"13":0.8168776},{"12":0.2904757,"13":0.7095243},{"12":0.1764646,"13":0.8235355},{"12":0.6641299,"13":0.33587},{"12":0.2434523,"13":0.7565477},{"12":0.09290111,"13":0.9070988},{"12":1},{"12":1},{"12":1},{"12":1},{"12":1},{"12":1},{"12":1},{"12":1},{"13":1},{"13":1},{"13":1},{"13":1},{"13":1},{"13":1},{"13":1},{"13":1},{"13":1},{"13":1},{"13":1},{"13":1},{"13":1},{"13":1},{"13":1},{"13":1},{"12":1},{"12":1},{"12":1},{"12":1},{"12":1},{"12":1},{"12":1},{"12":1},{"0":0.1051068,"1":0.7692381,"5":0.125655},{"0":0.1447128,"1":0.7850823,"5":0.07020479},{"0":0.08435833,"1":0.9156417},{"0":0.2118769,"1":0.7881231},{"0":0.1817056,"1":0.8182944},{"0":0.102595,"1":0.8498371,"5":0.04756784},{"0":0.1355546,"1":0.7573698,"5":0.1070756},{"0":0.5905444,"1":0.3090673,"12":0.1003882},{"0":0.6220982,"1":0.2786787,"4":0.007357478,"12":0.09186553},{"0":0.7198716,"1":0.1953075,"12":0.08482092},{"0":0.7837444,"1":0.1450603,"12":0.0711953},{"0":0.7004939,"1":0.2123124,"12":0.08719372},{"0":0.6290932,"1":0.2774723,"12":0.09343439},{"0":0.5944091,"1":0.2989281,"12":0.1066628},{"3":1},{"3":1},{"3":1},{"3":1},{"3":1},{"3":1},{"3":1},{"3":1},{"3":1},{"3":1},{"3":1},{"3":1},{"3":1},{"3":1},{"3":1},{"3":1},{"3":1},{"3":1},{"3":1},{"3":1},{"3":1},{"3":1},{"3":1},{"3":1},{"3":1},{"3":1},{"3":1},{"3":1},{"3":1},{"3":1},{"3":1},{"3":1},{"3":1},{"3":1},{"3":1},{"3":1},{"3":1},{"3":1},{"3":1},{"3":1},{"3":1},{"3":1},{"3":1},{"3":1},{"3":1},{"3":1},{"3":1},{"3":1},{"3":1},{"3":1},{"3":1},{"3":1},{"3":1},{"3":1},{"3":1},{"3":1},{"3":1},{"3":1},{"3":1},{"3":1},{"3":1},{"3":1},{"3":1},{"3":1},{"3":1},{"3":1},{"3":1},{"3":1},{"3":1},{"3":1},{"3":1},{"3":1},{"3":1},{"3":1},{"3":1},{"3":1},{"3":1},{"3":1},{"3":1},{"3":1},{"3":1},{"3":1},{"3":1},{"3":1},{"3":1},{"3":1},{"3":1},{"3":1},{"3":1},{"3":1},{"3":1},{"3":1},{"3":1},{"3":1},{"3":1},{"3":1},{"3":1},{"3":1},{"3":1},{"3":1},{"3":1},{"3":1},{"3":1},{"3":1},{"3":1},{"3":1},{"3":1},{"3":1},{"3":1},{"3":1},{"3":1},{"3":1},{"3":1},{"3":1},{"3":1},{"3":1},{"3":1},{"3":1},{"3":1},{"3":1},{"3":1},{"3":1},{"3":1},{"3":1},{"3":1},{"3":1},{"3":1},{"3":1},{"3":1},{"3":1},{"3":1},{"3":1},{"3":1},{"3":1},{"3":1},{"3":1},{"3":1},{"3":1},{"3":1},{"3":1},{"3":1},{"3":1},{"3":1},{"3":1},{"3":1},{"3":1},{"3":1},{"3":1},{"3":1},{"3":1},{"3":1},{"3":1},{"3":1},{"3":1},{"3":1},{"3":1},{"3":1},{"3":1},{"3":1},{"3":1},{"3":1},{"3":1},{"3":1},{"3":1},{"3":1},{"3":1},{"2":0.3156049,"3":0.6843951},{"2":0.6041192,"3":0.328373,"8":0.0675078},{"2":0.0832206,"3":0.9167793},{"3":1},{"2":0.09217792,"3":0.907822},{"2":0.1032038,"3":0.8967961},{"3":1},{"2":0.09389442,"3":0.9061055},{"3":1},{"2":0.09895658,"3":0.9010434},{"2":0.2864115,"3":0.7073901,"8":0.006198406},{"3":1},{"2":0.08504956,"3":0.9149504},{"2":0.1524758,"3":0.8475242},{"2":0.2357543,"3":0.7642456},{"3":1},{"2":0.190308,"3":0.8096919},{"3":1},{"3":1},{"3":1},{"2":0.3175248,"3":0.6824752},{"2":0.833202,"3":0.1667979},{"2":0.03499424,"3":0.9650058},{"2":0.08493047,"3":0.9150695},{"3":1},{"2":0.03129041,"3":0.9687095},{"2":0.03069275,"3":0.9693073},{"2":0.1031827,"3":0.8968173},{"3":1},{"2":0.02858269,"3":0.9714173},{"2":0.09493499,"3":0.905065},{"3":1},{"2":0.1387501,"3":0.8612498},{"3":1},{"2":0.2336857,"3":0.7663142},{"3":1},{"2":0.0316649,"3":0.968335},{"2":0.2866196,"3":0.7133804},{"3":1},{"2":0.03572732,"3":0.9642727},{"2":0.02864617,"3":0.9713538},{"2":0.2516355,"3":0.7483645},{"3":1},{"2":0.159383,"3":0.840617},{"3":1},{"2":0.927514,"3":0.07248598},{"2":0.03368371,"3":0.9663162},{"2":0.0266624,"3":0.9733376},{"0":0.2421057,"1":0.03192991,"14":0.7259644},{"0":0.2610605,"1":0.006423354,"14":0.7325162},{"2":0.02994245,"8":0.9358865,"9":0.03417098},{"1":0.4081232,"2":0.2855193,"9":0.3063576},{"0":0.2655021,"12":0.367249,"14":0.367249},{"0":0.674896,"12":0.1625519,"14":0.1625521},{"1":0.09551197,"2":0.6371016,"3":0.03819382,"4":0.1145963,"8":0.1145963},{"1":0.05538541,"2":0.9446146},{"0":0.6446976,"1":0.1288697,"14":0.2264326},{"0":0.2976968,"1":0.6617184,"14":0.04058468},{"1":0.07837677,"8":0.6744061,"9":0.2472172},{"0":0.6876295,"1":0.1171093,"14":0.1952612},{"0":0.3557943,"1":0.6069083,"14":0.03729724},{"1":0.4654187,"9":0.5345813},{"0":0.726045,"1":0.002066314,"12":0.1359443,"14":0.1359443},{"0":0.1614622,"1":0.8385378},{"1":1},{"0":0.06820076,"1":0.9263958,"2":0.00540328},{"0":0.7362923,"1":0.2637076},{"0":0.8480867,"1":0.01584583,"12":0.06803369,"14":0.06803369},{"0":0.2009729,"12":0.2360281,"14":0.562999},{"0":0.6600916,"12":0.107091,"14":0.2328174},{"1":0.1291891,"2":0.7587932,"3":0.09960108,"4":0.01241654},{"1":0.5215723,"2":0.4784277},{"0":0.7618887,"1":0.05248302,"14":0.1856282},{"0":0.6484034,"1":0.3472812,"14":0.004315376},{"0":0.08461821,"1":0.9153819},{"1":0.946959,"4":0.009518504,"9":0.04352247},{"0":0.2174283,"1":0.7816861,"14":0.000885661},{"0":0.6485134,"1":0.05749166,"12":0.06268781,"14":0.231307},{"2":0.7625617,"3":0.1845147,"4":0.02646172,"8":0.02646178},{"2":1},{"2":0.6695752,"3":0.1883182,"8":0.1421065},{"1":0.1575961,"2":0.7748487,"3":0.06755518},{"15":0.9625003,"19":0.03749966},{"15":0.9253048,"19":0.07469511},{"15":0.9767362,"19":0.02326375},{"15":0.9704329,"19":0.02956712},{"14":1},{"14":1},{"14":1},{"14":1},{"14":0.786394,"15":0.213606},{"14":0.7502407,"15":0.2497594},{"14":0.9162371,"15":0.08376294},{"14":0.8424829,"15":0.1575171},{"14":1},{"0":0.05938422,"14":0.9406158},{"0":0.159218,"14":0.8407819},{"14":1},{"0":0.05018186,"14":0.9498181},{"0":0.1970403,"12":0.02996724,"14":0.7729924},{"0":0.6454734,"12":0.02631139,"14":0.3282152},{"0":0.08840739,"14":0.9115926},{"14":0.03228014,"15":0.9677199},{"14":0.01300746,"15":0.9869926},{"15":1},{"15":1},{"15":1},{"15":1},{"15":1},{"15":1},{"14":0.93231,"15":0.06769001},{"14":1},{"14":0.9803416,"15":0.01965838},{"14":0.935812,"15":0.06418794},{"0":0.1628969,"12":0.06741547,"14":0.7696876},{"0":0.3378733,"12":0.0225526,"14":0.6395741},{"1":0.1023797,"2":0.5274602,"8":0.3701601},{"1":0.1246586,"2":0.1271209,"8":0.7482205},{"0":0.7143908,"1":0.0770688,"14":0.2085404},{"0":0.4332264,"1":0.5420995,"14":0.02467399},{"0":0.08314615,"1":0.8941895,"9":0.0226643},{"1":0.7723832,"9":0.2276167},{"0":0.273897,"1":0.6974394,"14":0.02866357},{"0":0.66883,"1":0.1151944,"14":0.2159755},{"15":0.9793642,"19":0.02063584},{"15":0.8596754,"19":0.1403246},{"14":1},{"14":1},{"14":0.8872553,"15":0.1127447},{"14":0.7683408,"15":0.2316591},{"0":0.009175658,"14":0.9908244},{"0":0.05596709,"14":0.9440329},{"0":0.2146811,"14":0.7853189},{"0":0.05720102,"12":0.02087152,"14":0.9219274},{"14":0.1042364,"15":0.8957636},{"15":1},{"15":1},{"15":1},{"14":0.9449318,"15":0.05506825},{"14":0.982241,"15":0.01775902},{"0":0.2033709,"1":0.01596397,"14":0.780665},{"2":0.04533344,"8":0.8817284,"9":0.07293808},{"0":1},{"0":0.6412711,"1":0.1276936,"14":0.2310353},{"0":0.330309,"1":0.6204983,"14":0.04919254},{"0":1},{"1":0.1195589,"2":0.7898869,"3":0.09055405},{"2":0.7560723,"3":0.1730414,"8":0.07088631},{"15":0.9288155,"19":0.07118451},{"14":1},{"14":1},{"14":0.9042862,"15":0.09571379},{"14":0.78829,"15":0.21171},{"14":1},{"0":0.1431188,"14":0.8568812},{"0":0.8448978,"14":0.1551021},{"0":0.05110579,"14":0.9488942},{"15":1},{"14":0.01905518,"15":0.9809448},{"15":1},{"15":1},{"14":0.9389387,"15":0.06106132},{"14":1},{"15":1},{"1":0.06000322,"2":0.2619735,"8":0.6780233},{"8":0.7274274,"9":0.2725725},{"1":0.0512591,"8":0.8949697,"9":0.05377113},{"1":0.8463665,"2":0.1536335},{"1":0.8634157,"2":0.1365842},{"1":0.3988401,"2":0.1059257,"4":0.03201806,"8":0.4632161},{"1":0.8124713,"2":0.1875286},{"1":0.8451775,"2":0.1548225},{"1":0.2980512,"8":0.5924598,"9":0.1094889},{"1":0.0816226,"8":0.5436044,"9":0.374773},{"8":0.482276,"9":0.517724},{"8":0.5650743,"9":0.4349257},{"8":0.2046576,"9":0.7953423},{"1":0.05922162,"8":0.6387715,"9":0.3020068},{"8":0.4970099,"9":0.5029901},{"1":0.03268206,"8":0.3553777,"9":0.6119402},{"8":0.1590105,"9":0.8409895},{"8":0.7822867,"9":0.2177132},{"9":0.5034604,"10":0.4965395},{"9":0.1593045,"10":0.8406955},{"9":0.1146463,"10":0.8853537},{"9":0.3440524,"10":0.6559476},{"9":0.7741659,"10":0.2258341},{"9":0.07531118,"10":0.9246889},{"9":0.1813458,"10":0.8186542},{"9":0.2483561,"10":0.7516439},{"10":1},{"10":0.9355011,"11":0.0644989},{"10":0.9142433,"11":0.08575677},{"10":0.9356256,"11":0.06437444},{"10":0.9415819,"11":0.05841815},{"15":0.4769904,"19":0.5230096},{"15":0.1887059,"19":0.737823,"20":0.07347112},{"15":0.05322325,"19":0.880071,"20":0.06670582},{"20":1},{"15":0.08229804,"19":0.9177019},{"10":1},{"10":1},{"10":1},{"10":1},{"10":1},{"10":1},{"10":1},{"9":1},{"9":1},{"8":0.07442837,"9":0.9255716},{"8":0.02453839,"9":0.9754616},{"8":0.05201101,"9":0.947989},{"9":1},{"9":1},{"9":1},{"11":1},{"15":0.1864193,"19":0.7691792,"20":0.04440152},{"11":1},{"15":0.07476538,"19":0.8584658,"20":0.06676882},{"11":1},{"20":1},{"11":1},{"15":0.5449867,"19":0.4550133},{"10":0.05816233,"11":0.9418376},{"10":0.07050782,"11":0.9294922},{"10":0.0994867,"11":0.9005134},{"10":0.1031498,"11":0.8968502},{"10":0.1634005,"11":0.8365994},{"10":0.1872519,"11":0.8127481},{"10":0.2407867,"11":0.7592133},{"10":0.3222609,"11":0.6777392},{"11":1},{"11":1},{"11":1},{"11":1},{"10":0.1413278,"11":0.8586722},{"10":0.1640767,"11":0.8359234},{"10":0.1863608,"11":0.8136393},{"11":1},{"10":0.3669692,"11":0.6330308},{"10":0.128833,"11":0.871167},{"10":0.1575752,"11":0.8424248},{"10":0.2829918,"11":0.7170082},{"20":1},{"10":0.362028,"11":0.637972},{"10":0.2891005,"11":0.7108994},{"10":0.3157606,"11":0.6842394},{"15":0.5037032,"19":0.4962967},{"15":0.04657936,"19":0.8938354,"20":0.05958515},{"15":0.4107996,"19":0.5892003},{"15":0.177407,"19":0.822593},{"15":0.03535163,"19":0.7503146,"20":0.2143337},{"19":0.2421527,"20":0.7578473},{"15":0.1755943,"19":0.8244057},{"15":0.1020182,"19":0.8979818},{"19":0.2067297,"20":0.7932703},{"15":0.01715451,"19":0.6761263,"20":0.3067192},{"15":0.2457072,"19":0.7542927},{"15":0.1229476,"19":0.8770524},{"19":0.8742296,"20":0.1257703},{"19":0.03262913,"20":0.9673708},{"15":0.1142905,"19":0.8819793,"20":0.003730118},{"19":0.0521804,"20":0.9478196},{"15":0.07336765,"19":0.913083,"20":0.01354926},{"15":0.0820468,"19":0.9070575,"20":0.0108956},{"20":1},{"20":1},{"9":1},{"9":0.8667111,"10":0.1332889},{"9":0.9085516,"10":0.09144842},{"9":0.978515,"10":0.02148497},{"9":0.8995421,"10":0.1004579},{"9":0.925682,"10":0.07431805},{"9":0.8909349,"10":0.1090651},{"9":0.8011785,"10":0.1988216},{"9":0.03017354,"10":0.9698264},{"9":0.02713239,"10":0.9728676},{"10":1},{"10":1},{"10":1},{"9":0.06810224,"10":0.9318978},{"9":0.04047185,"10":0.9595282},{"10":1},{"14":0.1991245,"15":0.8008755},{"14":0.08628505,"15":0.913715},{"14":0.1831216,"15":0.8168783},{"14":0.2904759,"15":0.7095242},{"14":0.1764646,"15":0.8235355},{"14":0.6641293,"15":0.3358708},{"14":0.2434526,"15":0.7565475},{"14":0.09290063,"15":0.9070994},{"14":1},{"14":1},{"14":1},{"14":1},{"14":1},{"14":1},{"14":1},{"14":1},{"15":1},{"15":1},{"15":1},{"15":1},{"15":1},{"15":1},{"15":1},{"15":1},{"15":1},{"15":1},{"15":1},{"15":1},{"15":1},{"15":1},{"15":1},{"15":1},{"14":1},{"14":1},{"14":1},{"14":1},{"14":1},{"14":1},{"14":1},{"14":1},{"0":0.105107,"1":0.769238,"9":0.1256549},{"0":0.1447132,"1":0.785082,"9":0.07020473},{"0":0.05627244,"1":0.9437276},{"0":0.2103665,"1":0.7877289,"4":0.000952273,"8":0.000952333},{"0":0.08435845,"1":0.9156416},{"0":0.2118769,"1":0.7881231},{"0":0.1817055,"1":0.8182944},{"0":0.1025951,"1":0.849837,"9":0.04756784},{"0":0.135555,"1":0.7573696,"9":0.1070753},{"0":0.5905447,"1":0.3090668,"14":0.1003884},{"0":0.6220982,"1":0.2786783,"8":0.007357537,"14":0.09186583},{"0":0.8081488,"1":0.1430919,"12":0.02437961,"14":0.02437967},{"0":0.87114,"1":0.09855967,"12":0.01515018,"14":0.01515018},{"0":0.7198713,"1":0.1953077,"14":0.08482104},{"0":0.7837443,"1":0.1450602,"14":0.07119542},{"0":0.7004935,"1":0.2123126,"14":0.08719378},{"0":0.6290931,"1":0.2774725,"14":0.09343445},{"0":0.5944089,"1":0.2989283,"14":0.1066629},{"13":0.9253051,"17":0.07469487},{"0":0.009175717,"12":0.9908243},{"0":0.05720102,"12":0.9219272,"14":0.02087163},{"13":1},{"13":1},{"13":0.9288153,"17":0.07118469},{"5":0.3440525,"6":0.6559475},{"5":0.2483564,"6":0.7516436}],"jointNamePositionIndex":{"Lower_Back":0,"Torso":1,"Neck":2,"Head":3,"Shoulder_L":4,"Upper_Arn_L":5,"Lower_Arm_L":6,"Hand_L":7,"Shoulder_R":8,"Upper_Arn_R":9,"Lower_Arm_R":10,"Hand_R":11,"Upper_Leg_L":12,"Lower_Leg_L":13,"Upper_Leg_R":14,"Lower_Leg_R":15,"Ball":16,"Foot_L":17,"Toe_L":18,"Foot_R":19,"Toe_R":20},"jointInverseBindPoses":{"0":[1,0,0,0,0,0,1,-0.9077662,0,-1,0,0,0,0,0,1],"1":[1,0,0,0,0,0,1,-1.241351,0,-1,0,0,0,0,0,1],"2":[1,0,0,0,0,0,1,-1.517523,0,-1,0,0,0,0,0,1],"3":[1,0,0,0,0,0,1,-1.634596,0,-1,0,0,0,0,0,1],"4":[-0.3809866,3.22117e-7,-0.9245806,1.406043,0.9198695,0.1008206,-0.3790453,0.447718,0.09321665,-0.9949046,-0.03841155,0.07260984,0,0,0,1],"5":[-0.9385307,2.58908e-7,-0.345196,0.6970577,0.3448644,0.04380911,-0.9376295,1.266181,0.01512247,-0.99904,-0.04111629,0.09351795,0,0,0,1],"6":[-0.9649993,0,-0.2622527,0.6055671,0.2445064,-0.361603,-0.8997001,1.022914,-0.09483122,-0.9323322,0.3489466,-0.3443768,0,0,0,1],"7":[-0.9992305,-1.22935e-7,0.03922104,0.3401549,-0.03344106,-0.5225167,-0.8519732,0.7666085,0.0204938,-0.8526291,0.5221146,-0.5427188,0,0,0,1],"8":[-0.3809862,-2.1246e-7,0.9245809,-1.406044,-0.9198697,0.1008206,-0.3790449,0.4477174,-0.09321671,-0.9949046,-0.03841143,0.07260966,0,0,0,1],"9":[-0.9385306,-2.6077e-7,0.345196,-0.6970576,-0.3448644,0.04380911,-0.9376297,1.266181,-0.01512247,-0.9990399,-0.04111629,0.09351795,0,0,0,1],"10":[-0.9649991,-2.68221e-7,0.2622526,-0.6055669,-0.2445063,-0.3616029,-0.8996999,1.022914,0.09483146,-0.9323322,0.3489465,-0.3443766,0,0,0,1],"11":[-0.9992304,0,-0.0392211,-0.3401548,0.03344106,-0.5225166,-0.8519732,0.7666086,-0.02049374,-0.852629,0.5221146,-0.5427188,0,0,0,1],"12":[-0.9969682,0,-0.07780134,0.1474546,0.0777983,-0.008864164,-0.9969297,0.9786732,-0.000689585,-0.9999607,0.008837282,0.0130403,0,0,0,1],"13":[-0.9971951,0,-0.0748381,0.1460581,0.07452285,0.09169113,-0.992995,0.4665526,0.006862044,-0.9957875,-0.091434,0.06023675,0,0,0,1],"14":[-0.9969682,0,0.07780134,-0.1474546,-0.0777983,-0.008864164,-0.9969297,0.9786732,0.000689585,-0.9999607,0.008837282,0.0130403,0,0,0,1],"15":[-0.9971951,0,0.0748381,-0.1460581,-0.07452285,0.09169113,-0.992995,0.4665526,-0.006862044,-0.9957875,-0.091434,0.06023675,0,0,0,1],"16":[0.9975494,0,-0.06996798,-0.01929461,0.06996726,0.004625022,0.9975386,-0.9061686,0.000323623,-0.9999893,0.004613697,-0.2631389,0,0,0,1],"17":[-1,0,0,0.1400178,0,-0.766937,-0.6417225,0.09624165,-1.50996e-7,-0.6417226,0.766937,-0.03155195,0,0,0,1],"18":[-1,0,1.48561e-7,0.1400178,0,-0.98387,-0.1788849,-0.01233232,1.50996e-7,-0.1788851,0.98387,-0.0292831,0,0,0,1],"19":[-1,0,0,-0.1400178,0,-0.766937,-0.6417225,0.09624165,-1.50996e-7,-0.6417226,0.766937,-0.03155195,0,0,0,1],"20":[-1,0,1.48561e-7,-0.1400178,0,-0.98387,-0.1788849,-0.01233232,1.50996e-7,-0.1788851,0.98387,-0.0292831,0,0,0,1]},"keyframes":{"0":[[1,0,0,0,0,1,0,0,0,0,1,0,0,-0.008965,-1.019832,1],[1,0,0,0,0,0.996355,-0.0853,0,0,0.0853,0.996355,0,0,-0.114852,-1.015308,1],[1,0,0,0,0,0.996355,-0.0853,0,0,0.0853,0.996355,0,0,-0.114852,-1.015308,1],[1,0,0,0,0,0.996355,-0.0853,0,0,0.0853,0.996355,0,0,-0.114852,-1.015308,1],[1,0,0,0,0,0.996355,-0.0853,0,0,0.0853,0.996355,0,0,-0.114852,-1.015307,1],[1,0,0,0,0,0.996355,-0.0853,0,0,0.0853,0.996355,0,0,-0.114852,-1.015307,1],[1,0,0,0,0,0.996355,-0.0853,0,0,0.0853,0.996355,0,0,-0.114852,-1.015307,1],[1,0,0,0,0,0.996355,-0.0853,0,0,0.0853,0.996355,0,0,-0.114852,-1.015307,1],[1,0,0,0,0,0.996355,-0.0853,0,0,0.0853,0.996355,0,0,-0.114852,-1.015308,1],[1,0,0,0,0,0.996355,-0.0853,0,0,0.0853,0.996355,0,0,-0.114852,-1.015308,1],[1,0,0,0,0,0.996355,-0.0853,0,0,0.0853,0.996355,0,0,-0.114852,-1.015307,1],[1,0,0,0,0,0.843637,0.536913,0,0,-0.536913,0.843638,0,0,0.450049,-0.835642,1],[0.99954,0.007357,0.029412,0,0.00406,0.928886,-0.370343,0,-0.030046,0.370293,0.928429,0,0.0296,-0.373431,-0.943232,1],[0.996953,0.077522,0.008668,0,-0.071226,0.859366,0.506376,0,0.031806,-0.505451,0.862269,0,0.001509,0.040129,-0.924285,1],[0.99954,-0.007358,-0.029412,0,-0.00406,0.928886,-0.370343,0,0.030046,0.370292,0.928429,0,-0.0296,-0.37343,-0.943232,1],[0.996953,-0.077522,-0.008668,0,0.071226,0.859366,0.506376,0,-0.031806,-0.505451,0.862269,0,-0.001509,0.040129,-0.924286,1],[1,0,0,0,0,1,0,0,0,0,1,0,0.281499,0.126184,-1.071126,1],[1,0,0,0,0,1,0,0,0,0,1,0,0.000002,0.000002,-0.907788,1],[1,0,0,0,0,1,0,0,0,0,1,0,0.000002,0.000002,-0.907788,1],[1,0,0,0,0,1,0,0,0,0,1,0,-0.000002,0.000002,-0.907788,1],[1,0,0,0,0,1,0,0,0,0,1,0,-0.000002,0.000002,-0.907788,1]],"0.2083333":[[0.919499,0.393092,0,0,-0.388594,0.908979,0.150836,0,0.059292,-0.138694,0.988559,0,-0.053824,0.11333,-1.160898,1],[0.826563,0.562845,0,0,-0.562718,0.826377,0.021225,0,0.011947,-0.017544,0.999775,0,0.004949,-0.037059,-1.174822,1],[0.826563,0.562845,0,0,-0.562718,0.826376,0.021225,0,0.011947,-0.017544,0.999775,0,0.004949,-0.037059,-1.174821,1],[0.952361,0.304362,0.019295,0,-0.304492,0.952506,0.004156,0,-0.017113,-0.009833,0.999805,0,0.05245,-0.049663,-1.174871,1],[0.826563,0.562845,0,0,-0.562718,0.826377,0.021225,0,0.011947,-0.017544,0.999775,0,0.004949,-0.037059,-1.174821,1],[0.823533,0.54152,-0.168968,0,-0.507484,0.836398,0.207119,0,0.253484,-0.084821,0.963613,0,-0.342295,0.063488,-1.093587,1],[0.823533,0.54152,-0.168968,0,-0.507484,0.836398,0.207119,0,0.253484,-0.084821,0.963614,0,-0.342295,0.063488,-1.093586,1],[0.792326,0.591349,0.150089,0,-0.571695,0.805536,-0.155808,0,-0.213039,0.037646,0.976318,0,0.096137,-0.070254,-1.248052,1],[0.826563,0.562845,0,0,-0.562718,0.826376,0.021225,0,0.011947,-0.017544,0.999775,0,0.004949,-0.037059,-1.174822,1],[0.826563,0.562845,0,0,-0.562718,0.826376,0.021225,0,0.011947,-0.017544,0.999775,0,0.004949,-0.037059,-1.174822,1],[0.826563,0.562845,0,0,-0.562718,0.826376,0.021225,0,0.011947,-0.017544,0.999775,0,0.004949,-0.037059,-1.174821,1],[0.81236,0.553173,0.184586,0,-0.535129,0.581334,0.612934,0,0.231752,-0.5967,0.768271,0,-0.201599,0.478711,-0.854796,1],[0.996666,0.019771,0.079153,0,0.029062,0.820517,-0.570883,0,-0.076233,0.57128,0.817207,0,0.065405,-0.559051,-0.981708,1],[0.990459,0.127462,0.052392,0,-0.12335,0.650445,0.749471,0,0.06145,-0.748783,0.659961,0,0.002663,0.065243,-0.926033,1],[0.997459,-0.019183,-0.068606,0,-0.017298,0.869012,-0.494488,0,0.069106,0.494419,0.866473,0,-0.066047,-0.539921,-1.031246,1],[0.990463,-0.127911,-0.051205,0,0.117459,0.589644,0.799076,0,-0.072018,-0.79747,0.599045,0,-0.001438,0.072623,-0.923287,1],[1,0,0,0,0,1,0,0,0,0,1,0,0.169713,0.367787,-1.26585,1],[1,0,0,0,0,1,0,0,0,0,1,0,0.000002,0,-0.90779,1],[1,0,0,0,0,1,0,0,0,0,1,0,0.000002,0,-0.90779,1],[1,0,0,0,0,1,0,0,0,0,1,0,-0.000002,0.000002,-0.907789,1],[1,0,0,0,0,1,0,0,0,0,1,0,-0.000002,0.000002,-0.907789,1]],"0.4166666":[[0.999292,-0.037626,0,0,0.037195,0.987859,0.150836,0,-0.005675,-0.150729,0.988559,0,0.005152,0.153172,-1.100473,1],[0.987817,0.155621,-0.000004,0,-0.155586,0.987595,0.021186,0,0.003301,-0.020927,0.999776,0,-0.005991,-0.007958,-1.114398,1],[0.987817,0.155621,-0.000004,0,-0.155586,0.987595,0.021186,0,0.003301,-0.020927,0.999776,0,-0.005991,-0.007958,-1.114398,1],[0.979206,-0.201947,0.019305,0,0.201905,0.979396,0.004118,0,-0.019739,-0.000135,0.999805,0,0.03167,-0.041945,-1.114446,1],[0.987817,0.155621,-0.000004,0,-0.155586,0.987595,0.021186,0,0.003301,-0.020927,0.999776,0,-0.005991,-0.007958,-1.114397,1],[0.97597,0.053773,-0.211168,0,-0.101366,0.969874,-0.221516,0,0.192894,0.237598,0.952018,0,-0.276924,-0.355397,-0.991172,1],[0.97597,0.053773,-0.211168,0,-0.101366,0.969874,-0.221516,0,0.192894,0.237599,0.952018,0,-0.276925,-0.355397,-0.991172,1],[0.969043,0.240982,0.053707,0,-0.172597,0.816755,-0.550564,0,-0.176542,0.52425,0.833063,0,0.062301,-0.700052,-1.001582,1],[0.987817,0.155621,-0.000004,0,-0.155586,0.987595,0.021186,0,0.003301,-0.020927,0.999776,0,-0.00599,-0.007958,-1.114398,1],[0.99393,0.107789,-0.022039,0,-0.10392,0.985574,0.133581,0,0.03612,-0.13048,0.990793,0,-0.053617,0.138624,-1.110566,1],[0.99393,0.107789,-0.022039,0,-0.10392,0.985574,0.133581,0,0.03612,-0.13048,0.990793,0,-0.053617,0.138624,-1.110566,1],[0.983109,0.085719,0.161708,0,-0.175452,0.692874,0.699386,0,-0.052093,-0.715945,0.69621,0,0.019294,0.652586,-0.734236,1],[0.998777,0.006018,0.049069,0,0.019767,0.861153,-0.507961,0,-0.045313,0.50831,0.859981,0,0.04469,-0.497658,-0.962736,1],[0.994624,0.100895,0.023335,0,-0.090672,0.739607,0.666903,0,0.050029,-0.665433,0.744779,0,0.001311,0.057023,-0.924841,1],[0.998727,-0.006123,-0.050066,0,-0.020543,0.857171,-0.514622,0,0.046066,0.514996,0.855954,0,-0.044704,-0.498845,-0.958687,1],[0.994623,-0.100837,-0.023604,0,0.091172,0.744467,0.661405,0,-0.049121,-0.660001,0.749657,0,-0.001416,0.056304,-0.925004,1],[1,0,0,0,0,1,0,0,0,0,1,0,0.198561,0.021644,-1.128822,1],[1,0,0,0,0,1,0,0,0,0,1,0,0.000003,-0.000004,-0.907798,1],[1,0,0,0,0,1,0,0,0,0,1,0,0.000002,-0.000005,-0.907798,1],[1,0,0,0,0,1,0,0,0,0,1,0,-0.000002,0.000002,-0.907794,1],[1,0,0,0,0,1,0,0,0,0,1,0,-0.000002,0.000002,-0.907794,1]],"0.625":[[0.982229,-0.187687,0,0,0.185539,0.970991,0.150836,0,-0.02831,-0.148156,0.988559,0,0.025699,0.208532,-1.057201,1],[0.999987,0.005119,-0.000006,0,-0.005117,0.999763,0.021163,0,0.000114,-0.021162,0.999776,0,-0.009586,0.050889,-1.071126,1],[0.999987,0.005119,-0.000006,0,-0.005117,0.999763,0.021163,0,0.000114,-0.021162,0.999776,0,-0.009586,0.050889,-1.071126,1],[0.937638,-0.347076,0.019311,0,0.347064,0.937833,0.004095,0,-0.019532,0.002862,0.999805,0,0.022528,0.011618,-1.071174,1],[0.999987,0.005119,-0.000006,0,-0.005117,0.999763,0.021163,0,0.000114,-0.021162,0.999776,0,-0.009586,0.050889,-1.071125,1],[0.97295,-0.191795,-0.128778,0,0.045837,0.706627,-0.7061,0,0.226425,0.681097,0.696303,0,-0.329679,-0.900832,-0.581214,1],[0.97295,-0.191795,-0.128778,0,0.045837,0.706627,-0.7061,0,0.226425,0.681097,0.696303,0,-0.329679,-0.900831,-0.581214,1],[0.994277,0.10677,-0.003647,0,-0.047621,0.412385,-0.909764,0,-0.095632,0.904731,0.41511,0,-0.046216,-1.238028,-0.381423,1],[0.984865,-0.108156,-0.135434,0,0.13445,0.969867,0.20318,0,0.109378,-0.218314,0.96973,0,-0.176028,0.328742,-1.04767,1],[0.900249,-0.237654,-0.364791,0,0.398005,0.788856,0.468292,0,0.176476,-0.566768,0.804755,0,-0.300383,0.806497,-0.871115,1],[0.900249,-0.237654,-0.364791,0,0.398005,0.788856,0.468292,0,0.176476,-0.566768,0.804755,0,-0.300383,0.806497,-0.871115,1],[0.918907,-0.335074,-0.208174,0,0.317811,0.316224,0.893867,0,-0.233682,-0.88754,0.397071,0,0.080295,1.03654,-0.409313,1],[0.999251,0.000057,0.038692,0,0.019643,0.860791,-0.50858,0,-0.033335,0.508959,0.860145,0,0.033055,-0.450971,-0.918877,1],[0.996562,0.082335,0.009195,0,-0.074192,0.837559,0.541286,0,0.036866,-0.540108,0.840788,0,0.001289,0.043601,-0.924395,1],[0.999067,-0.000663,-0.043191,0,-0.022652,0.843334,-0.536912,0,0.03678,0.53739,0.842532,0,-0.032832,-0.452091,-0.901196,1],[0.996617,-0.081462,-0.010874,0,0.075678,0.858041,0.507975,0,-0.03205,-0.507079,0.861304,0,-0.001775,0.039786,-0.924608,1],[1,0,0,0,0,1,0,0,0,0,1,0,0.166107,-0.191111,-0.851159,1],[1,0,0,0,0,1,0,0,0,0,1,0,0.000004,-0.000005,-0.907811,1],[1,0,0,0,0,1,0,0,0,0,1,0,0.000004,-0.000005,-0.907811,1],[1,0,0,0,0,1,0,0,0,0,1,0,-0.000002,0.000001,-0.907801,1],[1,0,0,0,0,1,0,0,0,0,1,0,-0.000002,0.000001,-0.907801,1]],"0.8333333":[[0.820785,-0.571237,0,0,0.564702,0.811394,0.150836,0,-0.086163,-0.123804,0.988559,0,0.078216,0.208062,-1.089655,1],[0.915493,-0.402333,-0.000008,0,0.402243,0.915289,0.021147,0,-0.008501,-0.019363,0.999776,0,-0.01819,0.078414,-1.103581,1],[0.915493,-0.402333,-0.000008,0,0.402243,0.915288,0.021147,0,-0.008501,-0.019363,0.999776,0,-0.01819,0.078414,-1.103581,1],[0.988873,-0.147982,0.015212,0,0.144509,0.979843,0.137928,0,-0.035317,-0.134195,0.990326,0,0.025643,0.266119,-1.088132,1],[0.915494,-0.402333,-0.000008,0,0.402243,0.915289,0.021147,0,-0.008501,-0.019363,0.999776,0,-0.01819,0.078414,-1.10358,1],[0.810893,-0.580178,-0.076466,0,0.330012,0.561277,-0.758986,0,0.483265,0.590222,0.646601,0,-0.69689,-0.742437,-0.55181,1],[0.810893,-0.580178,-0.076466,0,0.330012,0.561277,-0.758986,0,0.483266,0.590222,0.646601,0,-0.69689,-0.742437,-0.55181,1],[0.951596,-0.269361,0.148022,0,0.125336,-0.099657,-0.987096,0,0.280637,0.957869,-0.061073,0,-0.575554,-1.239992,0.002743,1],[0.855576,-0.499648,-0.135434,0,0.51756,0.831177,0.203164,0,0.011059,-0.243918,0.969733,0,-0.057131,0.399956,-1.080129,1],[0.725576,-0.583497,-0.364788,0,0.684625,0.558572,0.468279,0,-0.069479,-0.589516,0.804763,0,0.023734,0.886965,-0.903581,1],[0.725576,-0.583497,-0.364788,0,0.684626,0.558572,0.468279,0,-0.069479,-0.589516,0.804763,0,0.023734,0.886965,-0.903581,1],[0.702968,-0.680074,-0.20817,0,0.41901,0.159505,0.893861,0,-0.574688,-0.715582,0.397085,0,0.465088,0.942156,-0.441783,1],[0.998352,0.00862,0.056736,0,0.02358,0.83971,-0.542523,0,-0.052319,0.542967,0.838123,0,0.043975,-0.491771,-0.930136,1],[0.994719,0.099256,0.026128,0,-0.094798,0.790892,0.604569,0,0.039343,-0.603853,0.796124,0,0.002441,0.049212,-0.926342,1],[0.997527,-0.010012,-0.069571,0,-0.035767,0.779771,-0.625043,0,0.060507,0.625986,0.777484,0,-0.040985,-0.491534,-0.869402,1],[0.99504,-0.095012,-0.029465,0,0.097037,0.861909,0.497692,0,-0.02189,-0.498082,0.866854,0,-0.004017,0.036904,-0.92716,1],[1,0,0,0,0,1,0,0,0,0,1,0,-0.198101,-0.274049,-0.523012,1],[1,0,0,0,0,1,0,0,0,0,1,0,0.000006,0.000003,-0.907826,1],[1,0,0,0,0,1,0,0,0,0,1,0,0.000006,0.000003,-0.907826,1],[1,0,0,0,0,1,0,0,0,0,1,0,-0.000002,0,-0.907809,1],[1,0,0,0,0,1,0,0,0,0,1,0,-0.000002,0,-0.907809,1]],"1.041667":[[0.816559,-0.571237,0.083183,0,0.546508,0.811394,0.20729,0,-0.185906,-0.123804,0.974737,0,0.139911,0.208062,-1.10235,1],[0.910787,-0.402318,0.092774,0,0.398016,0.915295,0.061791,0,-0.109775,-0.019353,0.993768,0,0.045406,0.078403,-1.125975,1],[0.910787,-0.402318,0.092774,0,0.398015,0.915295,0.061791,0,-0.109775,-0.019353,0.993768,0,0.045406,0.078403,-1.125975,1],[0.894053,-0.324415,-0.308909,0,0.328304,0.943687,-0.040872,0,0.304773,-0.064875,0.950213,0,-0.632212,0.152811,-1.054781,1],[0.910787,-0.402318,0.092774,0,0.398015,0.915295,0.061791,0,-0.109775,-0.019353,0.993768,0,0.045406,0.078403,-1.125974,1],[0.814233,-0.580506,0.006124,0,0.404795,0.560151,-0.722752,0,0.416132,0.590968,0.69108,0,-0.686911,-0.743386,-0.644116,1],[0.814233,-0.580506,0.006124,0,0.404795,0.560151,-0.722752,0,0.416132,0.590968,0.69108,0,-0.686911,-0.743386,-0.644116,1],[0.931809,-0.269423,0.243195,0,0.223789,-0.101036,-0.969386,0,0.285746,0.957707,-0.033853,0,-0.622084,-1.240219,-0.079522,1],[0.864903,-0.499636,-0.048026,0,0.494294,0.831188,0.254559,0,-0.087268,-0.243908,0.965864,0,0.004284,0.399944,-1.106594,1],[0.758819,-0.591374,-0.272894,0,0.633634,0.573378,0.51937,0,-0.15067,-0.567022,0.809805,0,0.066837,0.852497,-0.941822,1],[0.7588,-0.493743,-0.424782,0,0.633661,0.408766,0.656799,0,-0.150654,-0.767547,0.623037,0,0.06681,1.130467,-0.77035,1],[0.720442,-0.625304,-0.299932,0,0.326296,-0.075997,0.942208,0,-0.61196,-0.776672,0.149282,0,0.459108,1.059199,-0.268234,1],[0.986068,0.021737,0.164918,0,0.060166,0.877694,-0.475429,0,-0.155082,0.478728,0.864158,0,0.108034,-0.43012,-0.984174,1],[0.980058,0.131285,0.149167,0,-0.197693,0.568269,0.798741,0,0.020096,-0.812302,0.582891,0,0.029097,0.182438,-0.869425,1],[0.999312,0.023029,-0.029055,0,-0.036533,0.74523,-0.665806,0,0.006319,0.66641,0.745559,0,-0.024206,-0.528342,-0.865142,1],[0.997468,-0.06981,0.013578,0,0.050234,0.826744,0.560332,0,-0.050342,-0.558232,0.828157,0,0.001279,0.047488,-0.921151,1],[1,0,0,0,0,1,0,0,0,0,1,0,-0.410855,-0.274049,-0.310257,1],[1,0,0,0,0,1,0,0,0,0,1,0,0.017443,0.107871,-0.84161,1],[1,0,0,0,0,1,0,0,0,0,1,0,0.017443,0.107871,-0.84161,1],[1,0,0,0,0,1,0,0,0,0,1,0,-0.000002,-0.000001,-0.907815,1],[1,0,0,0,0,1,0,0,0,0,1,0,-0.000002,-0.000001,-0.907815,1]],"1.25":[[0.964878,-0.238093,0.111003,0,0.228373,0.969075,0.093483,0,-0.129828,-0.06485,0.989414,0,0.089006,0.154546,-1.115674,1],[0.994273,-0.041819,0.098352,0,0.049089,0.996145,-0.0727,0,-0.094932,0.077111,0.992493,0,0.045688,-0.021678,-1.119496,1],[0.853419,-0.49603,0.160093,0,0.509388,0.858809,-0.05451,0,-0.11045,0.12807,0.985596,0,0.069237,-0.099008,-1.10903,1],[0.893678,-0.412036,0.177669,0,0.407211,0.91105,0.064559,0,-0.188466,0.014654,0.981971,0,0.196761,0.08638,-1.103104,1],[0.994273,-0.041819,0.098352,0,0.049089,0.996145,-0.0727,0,-0.094932,0.077111,0.992493,0,0.045688,-0.021677,-1.119495,1],[0.964896,-0.220128,-0.143248,0,0.171292,0.94092,-0.292111,0,0.199087,0.25732,0.945595,0,-0.373541,-0.239043,-0.991808,1],[0.964896,-0.220128,-0.143248,0,0.171292,0.94092,-0.292111,0,0.199087,0.25732,0.945596,0,-0.373541,-0.239043,-0.991808,1],[0.941446,0.040008,-0.334782,0,-0.248378,0.75377,-0.60839,0,0.228008,0.655919,0.719571,0,-0.4175,-0.716625,-0.730675,1],[0.948728,0.298556,-0.103827,0,-0.315246,0.869628,-0.379956,0,-0.023148,0.393206,0.919159,0,-0.055473,-0.443848,-1.026856,1],[0.953064,0.302557,0.011391,0,-0.286638,0.91376,-0.287891,0,-0.097512,0.271113,0.957596,0,0.050843,-0.269862,-1.060476,1],[0.981144,-0.15796,-0.111376,0,0.136606,0.974401,-0.178554,0,0.136729,0.159973,0.977606,0,-0.242273,-0.278426,-1.126839,1],[0.999971,0.007617,-0.000538,0,-0.007285,0.972758,0.231708,0,0.002288,-0.231698,0.972785,0,-0.120019,0.145408,-1.055134,1],[0.990253,0.030306,0.135947,0,0.003829,0.969747,-0.244082,0,-0.139231,0.242223,0.960179,0,0.101364,-0.167581,-1.081256,1],[0.983118,0.124134,0.134426,0,-0.181537,0.569836,0.801456,0,0.022888,-0.812328,0.582751,0,0.027569,0.334827,-0.918015,1],[0.999346,0.034226,-0.011716,0,-0.033524,0.754447,-0.655504,0,-0.013596,0.655468,0.755101,0,-0.017589,-0.532464,-0.876835,1],[0.997721,-0.060873,0.029104,0,0.032046,0.807109,0.589532,0,-0.059376,-0.587256,0.807221,0,0.003066,0.052288,-0.918748,1],[1,0,0,0,0,1,0,0,0,0,1,0,-0.630822,-0.274049,-0.555466,1],[1,0,0,0,0,1,0,0,0,0,1,0,0.017444,0.25934,-0.89213,1],[1,0,0,0,0,1,0,0,0,0,1,0,0.017443,0.25934,-0.89213,1],[1,0,0,0,0,1,0,0,0,0,1,0,-0.000003,-0.000001,-0.907817,1],[1,0,0,0,0,1,0,0,0,0,1,0,-0.000003,-0.000001,-0.907817,1]],"1.458333":[[0.964878,-0.238093,0.111003,0,0.228373,0.969075,0.093483,0,-0.129828,-0.06485,0.989414,0,0.002461,0.154546,-1.148128,1],[0.994273,-0.0418